2.087824376156501016e-02,2.508995809512844320e-03,1.134501128037067839e-02,3.898333184310998132e-04,4.929609017282641842e-04,4.220262298374954858e-04,2.797255099048042565e-03,7.117761422389258519e-02,5.563452325233046204e-04,6.487703606369308110e-04
2.344536507315130719e-02,1.581693386192384657e-02,1.157814454775328919e-02,4.710729476014682729e-04,3.121987811802652449e-04,5.008714176477697304e-04,3.780321794576809629e-04,6.326023097888272551e-02,5.150550927317329311e-04,2.572691123575493368e-03
2.265295247384288557e-02,2.934882138652326194e-02,1.149681104072973470e-02,5.463089275623488842e-04,5.487232732926208313e-04,5.683747372523979824e-04,3.175881647319685024e-03,4.760062546662505167e-02,4.826973138948817432e-04,3.891758510783784129e-03
1.754415391296308691e-02,2.697736177083263562e-02,1.110435235164122444e-02,6.139910521109255299e-04,3.392707461170624706e-04,6.228105338211061427e-04,2.403526552441217785e-03,2.646334425483841749e-02,4.612641624748142766e-04,4.416823521988259317e-03
9.496671245993489399e-03,1.297957310717031548e-02,1.041189172019289615e-02,6.727457437812901222e-04,2.467695431820403980e-04,6.627681961448331173e-04,8.437486733310518979e-04,1.468444444278285558e-03,4.524190009827749707e-04,5.350921620338578051e-03
2.279740819079570705e-04,8.018881339988397517e-04,9.438357996442645059e-03,7.214092639877282744e-04,3.393311867199578623e-04,6.871876003496749400e-04,3.482523565030262117e-03,2.811983202570032814e-02,4.574436785808207433e-04,6.804312813510013554e-03
1.157812361978363160e-02,7.912158034492595277e-03,8.210062356146087190e-03,7.590557292754361715e-04,3.742214615913691251e-04,6.953859752470045426e-04,4.389420905170663030e-03,6.524060211053993308e-02,4.771952284948838491e-04,8.302836222459156201e-03
2.263422924174356143e-02,9.463101691081762801e-03,6.759958281846698697e-03,7.850192347539118121e-04,3.125513022913192513e-04,6.870755100775073490e-04,4.537607931621206320e-03,1.031010921105446343e-01,5.120730218801821700e-04,8.943909817094699080e-03
2.711130125410707997e-02,9.009107132781607463e-03,5.126850965239648263e-03,7.989095198281367981e-04,2.668447110033489921e-04,6.623712531493222829e-04,4.754631690161752883e-03,1.169912102216147526e-01,5.619972603226651778e-04,8.224559058811316270e-03
1.898614327472589527e-02,8.740305682034644336e-03,3.354521386672772859e-03,8.006207404498570700e-04,2.575578943625691391e-04,6.217890887078881277e-04,4.663632039562422803e-03,8.231466982189762638e-02,6.263994429936369217e-04,7.070837103222763625e-03
1.072021736241512025e-03,8.966479046670212255e-03,1.490669238221131645e-03,7.903331072826528646e-04,2.332743705216595268e-04,5.662338233186518322e-04,3.558675562519008229e-03,8.053799131842077560e-03,7.042251556521798937e-04,6.175498423569733726e-03
1.468811230388537663e-02,9.135045071104380687e-03,4.142759903116713990e-04,7.685073940010359863e-04,1.849406869136670619e-04,4.969776577117796879e-04,1.796833718991509409e-03,5.943709086007619574e-02,7.939491334534963659e-04,4.089854710860079540e-03
1.858298541643638169e-02,8.939583245173549075e-03,2.308392257200583136e-03,7.358724496078296361e-04,1.378390791201823088e-04,4.156295596812248014e-04,7.553433516557654962e-04,7.975042220088365830e-02,8.936022058351639772e-04,4.483340998787251844e-05
1.215516525620871126e-02,8.850970147774200533e-03,4.139530860583521751e-03,6.934058804765246085e-04,9.796888290032970421e-05,3.240962788516364517e-04,1.143740531811843989e-03,5.718754780849338165e-02,1.000809603982304348e-03,3.082781767613550997e-03
2.967336671690366627e-03,9.443107601921813671e-03,5.856604545895997306e-03,6.423083405032460049e-04,5.511090645452793979e-05,2.245359486317056498e-04,2.141013297483184558e-03,2.286308730425073987e-02,1.112839890940519726e-03,1.106589609123593849e-03
5.731458760803114991e-03,1.002742096102837016e-02,7.410861034757391767e-03,5.839723394091932271e-04,7.932426636894301746e-06,1.193054067702063010e-04,2.654768509827750388e-03,7.723454825497659201e-03,1.226663126552701060e-03,4.711081381648104388e-03
1.471898448248450120e-02,9.418282903171237494e-03,8.757100883748716869e-03,5.199464120843286545e-04,3.718098319397123824e-05,1.090253069264054682e-05,2.452970839650595643e-03,3.751225416074143587e-02,1.339016477752121232e-03,9.393706504262640256e-03
2.111472231107948058e-02,8.950698480797516371e-03,9.854812348174181447e-03,4.518949434251144995e-04,7.793544655941403150e-05,9.809499264162537717e-05,1.707556755825307337e-03,6.109816849634867181e-02,1.446476083946435448e-03,1.072847716159641175e-02
1.866104234600185485e-02,1.130674671333923090e-02,1.066919486914438830e-02,3.815544788780720026e-04,1.157657751671097956e-04,2.050929674375879738e-04,6.855439678601797432e-04,6.451143940487145956e-02,1.545534188187307851e-03,1.061703024414499714e-02
6.499692188014693714e-03,1.351713885838492016e-02,1.117204220122049174e-02,3.106888785290443707e-04,1.503390152607999056e-04,3.075445070022628539e-04,1.045288936093116824e-04,4.908962463777286067e-02,1.632678716995490361e-03,1.033811476303496055e-02
8.061036707399271695e-03,6.472099419944153491e-03,1.134247217902195626e-02,2.410448376074328673e-04,1.796925862698757590e-04,4.030127659691340502e-04,4.684279457699626098e-04,3.078049424585585850e-02,1.704471595019125705e-03,8.678800940006595535e-03
1.709169759742492842e-02,1.268640162314757514e-02,1.116749006110089731e-02,1.743062013806684016e-04,2.028414595686469366e-04,4.892310155984330462e-04,1.145495796623599615e-03,1.724319324176159379e-02,1.757625685798160087e-03,4.977248200029145246e-03
1.845745732208893541e-02,3.249273300537328102e-02,1.064234624153995341e-02,1.120473091701557782e-04,2.197728202855282460e-04,5.641586256250353268e-04,1.300730109920831276e-03,7.939544478746615036e-03,1.789082136227099478e-03,7.308131196368534543e-04
1.447469513161748003e-02,3.814092196126030176e-02,9.770666451366811014e-03,5.569227533068568127e-05,2.302477102357423087e-04,6.260315987752922444e-04,1.231711750806217896e-03,1.204453632119115158e-02,1.796082285647119517e-03,1.981747476570440945e-03
8.549813581825519912e-03,2.743681958798106779e-02,8.564404426426036263e-03,6.483358426831094549e-06,2.338058708570604435e-04,6.734062812172789386e-04,1.570775483861386237e-03,3.899768081018591126e-02,1.776224262280314947e-03,2.034106956814445318e-03
4.081267257580431344e-03,1.108789318493688669e-02,7.043644428845313374e-03,3.455293873721130020e-05,2.303379791527358615e-04,7.051950671767562772e-04,1.680592792135128608e-03,7.143484787618757659e-02,1.727510891220054596e-03,8.793933009875929373e-05
3.474930588368423633e-03,9.005827349396870480e-04,5.236141715994075373e-03,6.664599414480087405e-05,2.200952231708476459e-04,7.206934424247350918e-04,1.284920802773461472e-04,7.404465121295610019e-02,1.648405076864802856e-03,2.401771022717687568e-03
7.035630992739706595e-03,8.684501236801284163e-03,3.176550460053973422e-03,8.930051486550835693e-05,2.034200171737883523e-04,7.195978703210184754e-04,3.319582942663147802e-03,3.392675211133584778e-02,1.537874446161439229e-03,2.673820542079352689e-03
1.350620723558776035e-02,1.563287423407028198e-02,9.056035584808487483e-04,1.022837985924065552e-04,1.807305226877456102e-04,7.020135408874106277e-04,7.394822391830666551e-03,2.653902508372195379e-02,1.395386503097215992e-03,2.830671014347118861e-04
2.051514483749090553e-02,1.572737904475974072e-02,1.530599764604847861e-03,1.056360511777314215e-04,1.526328008089379454e-04,6.684513480586987523e-04,1.103498742609994136e-02,7.533784192302921123e-02,1.220889254887386113e-03,5.544756773064840084e-03
2.417553625610103368e-02,9.234064702834281820e-04,4.081704315346429759e-03,9.972837371569640095e-05,1.199099789683584656e-04,6.198152407507862916e-04,1.379115151398401656e-02,9.345693330658283449e-02,1.014858958763524294e-03,9.661751076668646798e-03
2.160830144852929693e-02,2.878879249963216258e-02,6.694885572987641087e-03,8.525021149152420263e-05,8.344494464031758374e-05,5.573811678636584341e-04,1.472444053761013880e-02,8.255186528113631073e-02,7.783414022706362833e-04,9.563529241889487040e-03
1.535198742936596909e-02,4.749359473616413668e-02,9.316160864812770420e-03,6.307030375604478979e-05,4.419525296500006155e-05,4.827658066963274306e-04,1.326987241960567339e-02,6.632870475829995283e-02,5.128103634718130226e-04,6.810137384894822572e-03
1.188301206536699663e-02,4.564411635033766707e-02,1.189051267705112935e-02,3.422238101709778105e-05,3.195975808568396267e-06,3.978837827674427409e-04,1.075132544448788481e-02,6.968820569866569781e-02,2.199967406785053442e-04,5.958913066073016560e-03
1.404168524131805054e-02,3.090610484668556909e-02,1.436317033996754346e-02,1.425034238389481648e-07,3.846459867046147433e-05,3.048992996039869333e-04,8.398172871853581273e-03,8.512392141548520696e-02,9.792910234577949236e-05,7.961674139523982827e-03
1.741899757427360293e-02,1.460588085065168441e-02,1.668353310356796362e-02,3.737384425832179097e-05,7.968483089282461416e-05,2.061778526813059489e-04,5.042933919260471874e-03,7.895207899327794099e-02,4.381367412051665735e-04,8.919974511695591066e-03
1.537825369172206476e-02,7.974860005037064797e-05,1.880666073649318870e-02,7.677788814582259291e-05,1.193781653831342787e-04,1.042289044036014535e-04,3.723047804842481994e-04,3.746405052148615855e-02,7.976983259334282554e-04,6.437051066310573409e-03
5.867835069530700706e-03,1.188792004076522253e-02,2.068893049789378644e-02,1.168060492489194561e-04,1.564942300874832962e-04,1.631059142485293716e-06,5.656511099031957465e-03,1.612306872198255442e-02,1.174278745703547476e-03,3.133564617922289432e-03
7.633795541979017732e-03,1.846177334728981920e-02,2.228850882142554071e-02,1.553141398185062846e-04,1.900445287463541533e-04,9.903667253452797816e-05,7.783118656131132393e-03,5.526819893841509318e-02,1.565176688753024386e-03,2.078929683666475622e-03
2.043926910353567605e-02,1.919407922321882121e-02,2.357808557174027875e-02,1.893026833879201168e-04,2.191300503062861254e-04,1.952341835907496124e-04,7.260096179780270269e-03,7.506593215761581117e-02,1.966064886642786107e-03,2.145387435534874994e-03
3.019081182950738088e-02,1.781004472817881989e-02,2.454723831032230505e-02,2.175520935237363154e-04,2.429637930504229774e-04,2.845150596710497269e-04,7.295817696970057636e-03,7.914876744989826629e-02,2.373252877452383496e-03,5.635261068882694603e-05
3.670031517716258046e-02,1.734989411100035239e-02,2.517785378595629314e-02,2.407854538852327087e-04,2.608883978646750978e-04,3.646429033448392353e-04,9.032641822273422202e-03,6.975594796707275391e-02,2.786686296758793344e-03,5.602711739151464664e-03
4.044071042742419103e-02,1.750561524736535604e-02,2.544044410983199375e-02,2.561927261644288568e-04,2.723924168206756755e-04,4.336695694246400063e-04,1.014253330885808713e-02,5.783778863994139957e-02,3.205438391441254968e-03,1.211098310869133943e-02
4.191667309410070097e-02,1.716296019238809992e-02,2.534794882354613269e-02,2.570838971439654724e-04,2.771248201564483014e-04,4.898695817450512014e-04,8.661409759293732177e-03,5.714792867330421855e-02,3.621422162495856623e-03,1.671720413099633470e-02
4.163396823090656507e-02,1.648248314933562636e-02,2.496578205662139047e-02,2.447102050847188267e-04,2.749034311469412354e-04,5.317362302216554256e-04,6.086374697090514950e-03,6.187607705149631571e-02,4.029073315138678377e-03,1.942950633017786685e-02
4.014670715822408337e-02,1.601166011847923731e-02,2.429729860540126921e-02,2.294383248458957284e-04,2.657163390679401628e-04,5.582663895211903383e-04,5.282683937165728524e-03,5.067054549644253725e-02,4.439227745180578284e-03,2.259405715160393152e-02
3.820155297981999570e-02,1.564612160168950272e-02,2.325866397448981063e-02,2.056459947855134994e-04,2.497225849850081528e-04,5.690974798255750682e-04,6.578800850790467690e-03,1.513340700721093474e-02,4.858973134281724567e-03,2.752420445052034328e-02
3.673976603851424744e-02,1.509052558320482171e-02,2.192158827225029749e-02,1.486528403574544533e-04,2.272541526848378664e-04,5.639972428081587797e-04,7.543536929624488491e-03,3.074773371103813394e-02,5.261623060095696643e-03,3.358808691808450042e-02
3.645424018012426159e-02,1.451187149165492248e-02,2.057440996633979127e-02,6.832882671576634718e-05,1.988067705295061061e-04,5.426232676583711599e-04,6.320145946652743277e-03,6.602081944973357819e-02,5.629071028123933985e-03,3.935320561606461820e-02
3.728964140771449942e-02,1.418420575832091308e-02,1.920678938482718590e-02,1.710636037569437237e-05,1.650149613097128519e-04,5.056408760158733568e-04,4.090141290319392921e-03,7.386884486822868634e-02,6.017094507930600099e-03,4.144707125578984963e-02
3.827973380989591057e-02,1.382526988279707270e-02,1.730429766812393438e-02,2.427541783995568666e-05,1.266379725338922862e-04,4.552686050783019082e-04,3.774525838008481113e-03,4.477956494260798559e-02,6.466505109793674148e-03,3.493605630535977918e-02
3.727710923217495559e-02,1.306042816400677584e-02,1.478087239578377080e-02,1.669900048785895015e-04,8.456792237779678682e-05,3.928758921665136215e-04,6.344797096398981789e-03,1.204267071789712033e-02,6.860942228265221911e-03,2.048630530128282487e-02
3.153656119204381603e-02,1.250026465464157063e-02,1.257356079776548834e-02,3.706706329578871397e-04,3.980493416375548583e-05,3.176949959562180891e-04,9.589828535613883001e-03,6.300019257411954010e-02,7.115067805358225514e-03,8.843477190142390310e-03
2.103853176466363370e-02,1.290255783572701910e-02,1.142082972287681263e-02,3.910091742522735767e-04,6.625020151418712982e-06,2.318275163086470285e-04,1.157090105040135819e-02,7.669110340561093031e-02,7.494739076146656083e-03,1.017875763782354927e-02
1.088032000859823212e-02,1.301186248075289487e-02,1.072373333505745492e-02,2.944802914558466121e-04,5.369074939715374356e-05,1.430078454984449739e-04,1.300879724483394902e-02,5.785098408256550417e-02,8.189745674317402274e-03,1.860068409901713751e-02
6.669870651952894067e-03,1.123218379299668716e-02,9.578490475906005844e-03,6.423472477878733712e-04,1.002581927756318711e-04,5.384029119574090024e-05,1.423999750705662141e-02,3.728953728639169962e-02,8.321561648124510546e-03,1.567269477963453492e-02
7.405755212124671971e-03,1.025048032943097487e-02,8.196529594278897934e-03,1.555610254255509898e-03,1.451247823499937910e-04,4.454782000187575310e-05,1.333187991931526414e-02,3.034705151839500736e-02,6.244352076286988767e-03,7.299771074213942321e-03
6.155244641616335402e-03,1.374290744258011877e-02,7.379353532197926308e-03,2.162273539010619704e-03,1.873115384065750298e-04,1.498680438897876603e-04,9.770066385558254587e-03,2.262140686937979400e-02,1.738925893764686282e-03,3.741173990272533834e-02
2.200729889702129471e-03,1.564264640992205774e-02,7.162407544100404463e-03,1.821774424042019343e-03,2.260796142610007220e-04,2.347202569056678842e-04,6.051819082627404867e-03,6.508723642532690361e-03,2.696812329878141984e-03,5.496025347210291984e-02
1.503320562359979594e-02,2.962101689143567702e-03,6.925482581056414955e-03,1.170097407232401163e-03,2.603868411862581651e-04,2.947782273030003040e-04,3.802526596729746428e-03,5.651789299053016496e-02,4.031358585634952502e-03,5.429287409443146750e-02
2.292435017678251183e-02,2.417060005960091837e-02,6.801638878373878448e-03,1.074760461961272095e-03,2.889137566428007318e-04,3.800468462819995966e-04,2.239252148448154980e-03,9.919047210513379231e-02,2.002513853004353819e-03,4.477460595234496188e-02
1.816055094476400761e-02,4.715607828810680635e-02,7.802473782334239799e-03,1.410483873914365055e-03,3.112942008189074471e-04,4.929746487084906521e-04,8.832974653724168278e-04,1.056645365291237482e-01,9.127763685406172032e-04,3.557792993087435102e-02
4.165021254033873452e-03,5.137964059979557158e-02,9.665176052661908837e-03,1.612016219981720093e-03,3.281531972616048105e-04,5.192270743106649697e-04,1.874116501148664123e-05,8.579188100650750326e-02,2.454568612016298605e-03,2.688643198114686050e-02
6.898066394777478509e-03,4.200516386822271409e-02,1.044174646137395988e-02,1.609271923904563974e-03,3.385317534289301812e-04,4.436680600368498218e-04,1.337528406929466406e-03,8.077019093360937596e-02,2.144353882332962653e-03,1.627944930312053007e-02
7.328236119913400515e-03,3.109635777441222340e-02,1.072938997881417791e-02,1.643402085480840692e-03,3.397799528460001411e-04,5.042770332960457404e-04,3.940580329656192919e-03,1.108489284943673103e-01,5.044673397480467329e-04,6.231444916590030483e-03
1.053905955204811732e-04,2.158590050740339175e-02,1.475923336927989320e-02,1.752135827224351235e-03,3.330832996070543579e-04,7.352106724132779743e-04,6.252922294003203894e-03,1.564861049244483659e-01,1.510908362107132082e-03,9.753769910462962642e-05
8.865197156765498160e-03,1.104417724271735020e-02,2.057181682279055068e-02,1.822234175050602535e-03,3.238522832499304708e-04,6.206042955575643942e-04,5.814229549460778711e-03,1.892194726956132333e-01,2.679579140712901042e-03,4.727464737177149851e-03
1.502542918354008231e-02,2.036791382514022229e-03,1.279255451574012013e-02,1.832981759007970644e-03,3.099345617871860975e-04,5.093925178131097778e-05,3.248404216575032956e-03,1.912809784463968821e-01,2.775445959683930930e-03,8.648968570683014667e-03
1.863618122866687876e-02,9.245534828472416235e-05,2.273106365214872318e-02,1.835991257619914692e-03,2.804667368274002493e-04,1.983382821108628253e-04,2.196722154819281438e-03,1.558520784194558362e-01,3.268551921998964771e-03,6.108755416523238210e-03
2.389118987156129206e-02,3.267036419253797550e-03,7.681581592490448196e-02,1.840955947200273533e-03,2.409974987860837893e-04,1.867809406693190415e-03,4.742728910337225615e-03,9.868180783002425405e-02,5.064668485580297794e-03,4.205285377114401785e-03
3.495522364287830669e-02,1.665025889302719888e-03,1.213713647922660122e-01,1.823654451796212278e-03,2.165621812882867145e-04,3.478670383236612696e-03,9.406802191275478661e-03,5.496363706094148371e-02,6.220582309094980188e-03,1.023355584336201746e-02
4.993107327071381191e-02,7.334722910652578635e-03,1.379446432360987296e-01,1.779536484998687010e-03,1.980640294820538354e-04,2.911408672641338773e-03,1.439022701670100018e-02,4.150327819165860327e-02,4.385479652929361906e-03,2.835012669086066535e-03
6.313542855918384544e-02,9.719574316408893799e-03,1.326310330775954949e-01,1.720615925619514187e-03,1.342485640639615337e-04,7.804042841037732263e-04,1.926624230663970261e-02,3.871299784668674748e-02,1.120725008657286843e-03,7.943343107915156256e-03
7.136019929686111818e-02,8.289195456804532638e-03,1.218162561604474031e-01,1.650314541126442647e-03,4.594763448917118322e-05,5.691055679212165446e-04,2.238668083351506854e-02,2.212663738924971341e-02,6.268358112179990907e-04,9.110272882613000903e-03
7.375548960222232109e-02,3.836164951700391651e-02,1.125479439477592158e-01,1.564572011163065665e-03,4.626341912982530249e-05,5.060261214613799314e-04,2.124293021312618351e-02,9.264119686093408995e-03,3.944308984315977352e-03,7.282196374408552234e-03
7.008486797128253565e-02,5.827985369128914350e-02,1.004998340673467216e-01,1.463592556349607981e-03,9.704630679399956655e-05,2.549742244396293049e-04,1.695096104913089083e-02,4.367409189179314449e-02,7.494360185376121829e-03,1.647327214745985743e-02
6.251778094160231891e-02,5.792349452823087469e-02,8.023807754850442731e-02,1.351413705165472549e-03,4.355262301755240305e-05,5.105856393181093349e-04,1.369123061633891261e-02,7.571006288903370240e-02,7.716710005018954759e-03,3.238912675880414871e-02
5.484048106345364854e-02,4.459061777184843145e-02,5.219330229871040061e-02,1.230338009590563461e-03,3.063550809741406042e-04,8.618338488298297757e-04,1.250419043673612826e-02,1.058282962098828217e-01,4.435636577831480326e-03,3.846061723933538040e-02
4.920505102257387992e-02,2.869733616830486347e-02,2.338983765763184147e-02,1.101000162682049454e-03,1.272153749138826753e-04,9.852535803752961695e-04,1.040552839912337046e-02,1.277520773459288606e-01,1.415614883381654599e-04,3.060438472609624400e-02
4.734150102740544014e-02,1.640609698742777345e-02,4.167415168754681071e-03,9.649067923074939939e-04,6.177397657986653280e-04,1.059600503553311196e-03,6.816707541479227750e-03,1.214757871811686235e-01,2.875486775228428774e-03,1.772724419943256038e-02
5.161847611042435363e-02,1.069311517213513731e-02,5.769624618086601972e-04,8.243635168046636744e-04,1.059319926670240081e-03,1.235542185663016492e-03,6.026846460127384744e-03,6.824394988430954045e-02,8.153600975210719467e-04,3.886446725135732708e-03
5.920451539383736472e-02,9.936795615331266845e-03,1.077522830929584369e-02,6.812080990177828924e-04,5.598994430441351115e-04,1.426190601884504399e-03,1.081843714115473219e-02,1.759377553805329883e-02,5.898940145836686563e-03,1.297185138755743358e-02
5.969736563351604741e-02,8.855964077681983265e-03,3.174858397972234181e-02,5.367594527598438733e-04,2.415422326006443380e-04,1.552772330727431776e-03,1.711247747641221617e-02,8.591587441490688981e-02,1.285803112180795328e-02,2.912729032015523231e-02
4.570195227049581033e-02,5.093629313249229199e-03,6.212164327565097149e-02,3.923534837608137586e-04,4.750629275684154678e-04,1.655407990815946015e-03,1.833721765139082263e-02,9.905244415772676558e-02,1.589827488424304380e-02,3.658563355544956763e-02
2.297911694399884519e-02,1.130391770101217943e-03,9.353480221977682196e-02,2.493115884982280667e-04,2.641415000562458322e-04,1.777309755344851257e-03,1.377226991675892243e-02,6.960092054142305584e-02,1.573815018477081953e-02,3.563970968361748065e-02
5.124208893849901969e-03,1.159457868194701917e-03,1.101970523852832395e-01,1.086145563651438840e-04,1.716920174059488970e-04,1.891240223425096761e-03,9.276318515198533551e-03,3.547226696745911512e-02,1.564500289225344981e-02,3.635863726142168906e-02
4.817822876422980446e-04,3.209538428975338385e-03,1.040701255502441275e-01,2.913078964789535795e-05,2.649484473992997214e-04,1.957191834055031256e-03,9.534967975135703183e-03,1.828533441047845015e-02,1.607873750328062123e-02,4.568211444677103966e-02
6.814763724746781409e-03,6.724814281234330060e-03,8.248609726233535611e-02,1.635306345565031017e-04,3.020155365496106641e-04,2.001060559545828760e-03,1.278022100506199556e-02,2.100470132806687984e-02,1.448879289490846538e-02,5.892863093536560015e-02
1.577127306171356019e-02,1.159351480312877103e-02,5.673070250573499645e-02,2.944136117041070604e-04,2.466682617691851216e-04,2.080556477301350685e-03,1.470583148853028300e-02,4.058004074624215612e-02,9.569360659190900495e-03,6.696719524252969791e-02
1.968082183488205697e-02,1.670915780532127720e-02,3.056478436966598988e-02,4.220152892744196077e-04,2.103953406831788188e-04,2.154847631013979015e-03,1.431747113805386697e-02,6.296964807704652500e-02,3.041828891255113007e-03,6.608409155642225308e-02
1.520651303625732489e-02,2.070258252689155185e-02,3.169605738016787258e-03,5.469767172218944129e-04,2.085264776100265627e-04,2.113710590503478128e-03,1.280823349594192688e-02,6.283765100677612958e-02,3.111373442618989380e-03,5.686370541052210986e-02
2.800474326761870879e-03,2.262136776275232644e-02,2.376388876887716717e-02,6.700450256813695465e-04,1.922016747443016900e-04,2.038145038742060662e-03,9.403214836151429362e-03,2.355290474787735677e-02,8.993312124349896533e-03,3.975693479772330480e-02
1.571094973250558580e-02,2.304932595137678536e-02,4.727761353650313664e-02,7.920465878235604697e-04,1.637400348089822493e-04,2.163497843965662450e-03,2.801102093658048957e-03,4.878142439125486562e-02,1.489315815489089014e-02,1.796425446997291023e-02
3.796627944916564079e-02,2.357825313589233251e-02,6.756289028016682074e-02,9.144280031054561123e-04,1.434883684277600264e-04,2.330328380389725795e-03,4.649267515092512376e-03,1.317300490067212504e-01,1.859689547296769843e-02,9.691104441083243579e-04
6.026093954805663427e-02,2.477169788482069465e-02,8.575501822458445056e-02,1.039248281661628477e-03,1.131216925932194734e-04,2.039139705159071468e-03,9.036347497109268809e-03,1.984425651940497359e-01,1.699194998868470627e-02,2.557516943951595838e-03
7.768856767730439317e-02,2.581835657199635717e-02,9.911904733039539339e-02,1.167946406345477233e-03,7.228131935285233049e-05,1.627742294217493198e-03,1.062171447409166782e-02,2.274267884977389242e-01,1.005133686405649228e-02,2.670640840742518306e-03
8.545481544272122421e-02,2.650375050603258689e-02,1.032597244554822741e-01,1.301209911225272757e-03,7.166416776733876867e-05,2.219452731831864003e-03,1.252051550894446412e-02,2.122235994707455942e-01,1.298295159531298853e-03,4.086960238279461859e-04
8.083736830472929014e-02,2.798751706479577633e-02,9.814891397976480136e-02,1.441459136485789220e-03,9.764627663943005237e-05,3.081616404451751300e-03,1.401154014146704582e-02,1.655708859778708408e-01,5.974012046548080393e-03,1.572254639401657328e-02
6.652143512616762178e-02,3.031853406616705909e-02,8.830702674677123887e-02,1.593043822010945356e-03,4.031456214830193477e-05,8.363399296089831783e-04,1.087326735000839970e-02,1.137428240906715460e-01,1.166381059984867956e-02,2.990484956358517230e-02
5.090178190557194393e-02,3.093524322616652417e-02,7.940602518761548378e-02,1.756789546430273128e-03,6.278965036412960062e-05,5.972562306788896207e-03,2.718275448589039210e-03,8.183888813675051221e-02,1.736154290889843979e-02,2.461079692762602189e-02
4.005147596957479156e-02,2.863692838587893891e-02,7.719460013918319485e-02,1.929272188152557658e-03,3.114784629565606352e-05,1.330978546194833134e-02,5.523342428884633198e-03,7.463680720868733076e-02,2.273630485741910331e-02,6.752460457531966366e-03
3.111928394352120666e-02,2.682039347000870697e-02,8.313521421020501900e-02,2.114277795344092579e-03,2.555825982990987612e-04,1.590538916816394005e-02,9.808021808200874381e-03,7.373727519898413962e-02,2.492485392787444076e-02,1.383439246094155667e-03
2.049695093043348709e-02,2.717665963067415758e-02,8.718764163819291146e-02,2.324487234291886320e-03,4.827467735271781177e-05,1.336833689484870011e-02,9.893517092697543328e-03,6.478273533002602835e-02,2.179557466603684879e-02,7.498514224745764928e-03
1.510995305062276875e-02,2.302691009293844626e-02,7.407917934853008868e-02,2.556889802284777798e-03,7.140180075470986543e-04,9.186825634229320997e-03,6.676557548744551165e-03,5.977487255229516072e-02,1.461555049586954654e-02,2.011791598914526927e-02
2.499750720090035058e-02,8.131800519366589458e-03,4.214462168737145159e-02,2.788396790042022965e-03,1.162068123781909677e-03,5.684125475506863860e-03,1.377620019450612968e-03,7.586260590067064880e-02,6.958432460877806910e-03,2.491920876031601326e-02
4.493706292486274873e-02,9.946972218746019667e-03,8.374380184706198965e-03,3.028101578743095171e-03,6.576942343302825088e-04,2.720851265657324523e-03,3.316972855566530445e-03,1.053484460914946158e-01,1.592419503596472765e-03,2.503388603227179460e-02
5.411892637815739898e-02,1.618014397513223290e-02,8.095961437175013681e-03,3.327901191071207763e-03,1.617230962394865506e-04,4.850279987934875492e-05,5.227304514587001807e-03,1.294502445248669475e-01,1.598985446518544394e-03,2.817983025367140973e-02
3.912142349238686284e-02,6.587704670133719131e-03,1.042734931614757582e-03,3.671063225272351571e-03,4.264852372255724042e-04,2.037784527012293997e-03,5.297360516940949338e-03,1.434986654019953234e-01,5.026718166735855489e-03,3.477897401941403704e-02
1.087363026526608732e-02,9.194372886145748061e-03,2.427546126277781158e-02,3.946428698381087424e-03,2.568043290004940740e-04,2.745970867275659196e-03,6.222700267800034164e-03,1.432956537203511349e-01,1.019439488170413924e-02,3.889271439030961286e-02
8.214819679807567818e-03,2.168493698098405281e-02,5.949221646362271021e-02,4.185661349224688473e-03,2.138616064790452656e-04,2.671701523707435341e-03,9.647331542051034575e-03,1.143580264404639307e-01,1.517798458337918377e-02,3.603074225615697512e-02
9.597799254920057893e-03,2.884199212577698290e-02,9.456281010836821432e-02,4.627418915961323612e-03,3.698890529023512639e-04,2.735064257099725782e-03,1.531122240722551653e-02,6.265513653301313379e-02,1.707256113817895785e-02,2.888806403038940776e-02
2.187401550250039385e-03,3.147071195399027410e-02,1.130477865008167465e-01,5.216254409134084280e-03,4.841415567296986360e-04,3.145237484842367155e-03,2.108050935286633065e-02,2.353955702504066660e-02,1.683058668803090463e-02,2.536476185309103487e-02
5.300469692571299282e-03,3.077675479839976636e-02,9.724297973372396375e-02,5.393946957335467134e-03,5.061806037468145414e-04,3.305219742486026954e-03,2.389034172992723221e-02,1.838996107089164306e-02,1.816079437708291444e-02,2.964238954779834997e-02
1.316791100351752050e-02,3.157176135300043124e-02,4.895623757536484572e-02,5.004974022932033584e-03,5.402870048858009373e-04,2.839527976947961874e-03,2.237700449686068349e-02,3.439751204971728399e-02,2.104537425672648246e-02,3.811208996473831878e-02
2.234119844204454988e-02,3.832983120601302085e-02,9.891440564767329732e-04,4.901350052866897990e-03,6.269670818596444727e-04,2.273632503694945819e-03,1.810654157713761578e-02,5.152745267449644617e-02,2.143536845849963041e-02,4.582564509195996560e-02
2.924653857294139125e-02,4.377848271129233110e-02,1.898898655532674229e-02,5.782982073630899868e-03,7.279380528438439066e-04,2.372807780477549557e-03,1.378785192162749335e-02,5.413854968519224431e-02,1.891823422994640472e-02,5.083426863921639005e-02
3.174353544068929389e-02,3.252153919347438443e-02,2.606557627331990840e-03,7.043244719061801142e-03,7.861585764807990954e-04,3.062323157991597277e-03,1.170698153528795631e-02,2.342969277954200236e-02,1.862755187006163299e-02,4.990142870449196938e-02
3.219310770951435557e-02,3.649158953829238251e-03,2.454260865840147271e-02,7.672825206611892830e-03,7.917141354916041587e-04,3.583738868933709215e-03,1.330725751380393632e-02,4.455576680332244688e-02,2.312072923104410704e-02,3.878343880276455963e-02
3.310947543977447310e-02,2.236997372279212609e-02,4.822707083806374029e-02,7.713732353472598467e-03,8.460659998630776528e-04,3.729873309043423533e-03,1.817508620914138479e-02,1.180108647681890610e-01,2.817055519657211959e-02,2.066018511591309267e-02
3.458876773235768087e-02,2.831772464884272159e-02,7.547048558685590103e-02,8.019418382095770334e-03,1.010489170525223331e-03,3.964495178558011430e-03,2.401356633316601916e-02,1.523115003902768549e-01,2.894930507516250279e-02,5.439785724017940152e-03
3.578209053575742010e-02,1.959056719336687777e-02,1.060795158586805287e-01,8.852919467916126745e-03,1.075291192733090042e-03,4.173351679710688399e-03,2.891808905439801139e-02,1.350005728259112137e-01,2.529492975827745890e-02,2.562209496964628491e-03
3.684444792494235427e-02,1.073933931220817650e-02,1.139404021412995793e-01,9.297590322865796272e-03,8.820500306843796247e-04,3.979148214796514836e-03,3.280182227987904486e-02,1.007716333015301613e-01,1.918266722810628780e-02,6.831174688828394251e-03
4.004932563459019657e-02,4.911956683024296284e-03,7.932104791548261202e-02,8.296903392564867336e-03,8.724147671850622900e-04,4.218749219801850268e-03,3.586380185964661849e-02,1.000306782652456150e-01,1.161044524487291063e-02,6.706312844218641905e-03
4.679154933758000040e-02,3.372511762424729165e-03,2.719492693972415387e-02,5.879540017913004353e-03,1.425883667265445557e-03,5.393576876247024345e-03,3.682943116189294624e-02,1.454635829941219594e-01,3.779978320240927336e-03,4.612137117708613350e-03
5.134492982877526118e-02,1.353963592947888921e-02,1.923718453660471211e-03,2.744667130206485898e-03,1.546601249455149991e-03,5.300312959336681874e-03,3.421189908061057772e-02,1.927874710702102423e-01,2.034153098804050361e-03,2.516553301458498634e-02
4.259171998552681998e-02,1.875117975476494822e-02,6.919399720540510626e-03,8.316878613424448594e-04,1.792046233397922997e-04,1.957762601705864865e-03,2.903703613356594521e-02,1.907050477010656664e-01,4.597465448029613641e-03,3.858718444566894279e-02
1.684425802451103293e-02,1.773739974500240443e-02,1.782248399307015570e-03,4.869872722101670909e-03,2.849764521948997334e-03,2.298579008088941656e-03,2.438960167594703479e-02,1.408157129654287743e-01,4.817097412819676232e-03,3.177811008658939368e-02
1.418666585378685480e-02,1.546086558402215774e-02,3.692728485498596863e-02,8.971666309893041452e-03,3.628993664729637282e-03,3.849620396526404371e-03,2.194390824759321137e-02,8.169554887626821749e-02,3.922189322907681033e-03,1.081868455161496927e-02
3.280066056195958535e-02,1.060549212004375901e-02,8.328734020893387158e-02,1.220362362182952042e-02,1.648718978287633599e-03,3.150111137652909614e-03,2.054880643108946553e-02,2.960882676012003070e-02,2.348254423687764266e-03,8.645401482275912389e-03
3.229715918357182330e-02,5.567599175724010328e-03,1.026967661783409758e-01,1.367125647842959597e-02,7.667066774197500972e-04,2.965100378289997878e-03,1.696607052951725619e-02,2.160406733568467214e-02,8.895469869711026753e-04,1.958306848154909435e-02
2.209047023740554755e-02,3.248344055891761589e-02,9.686043374731256872e-02,1.359329432502525553e-02,1.520151222319188634e-03,3.632599781811255736e-03,5.547338705515980455e-03,5.285714735590540947e-02,9.822015675413616007e-04,2.394131750956781865e-02
1.570850794753468616e-02,5.401667175653707825e-02,8.651867137840354993e-02,1.319587538975864477e-02,1.104012356403085782e-03,3.982935876938630167e-03,1.812807058773354893e-02,2.898133599339581395e-02,3.116863779354879342e-03,2.330589378900969552e-02
1.743634386081598098e-02,5.715314680012396203e-02,7.358480561106092721e-02,1.272248983896952582e-02,8.717331952657733554e-04,4.504280903080583667e-03,4.725206854216080360e-02,4.012031164138210593e-02,6.299853544280996365e-03,2.042326054510466143e-02
2.311259222263368704e-02,4.736823029326386880e-02,4.889497356634016356e-02,1.112495708534941286e-02,1.009857503332294102e-03,5.948473569816078999e-03,6.411568839685169441e-02,9.773928677667947928e-02,9.476734529581887570e-03,2.435063894647107943e-02
2.852357014342878430e-02,3.742920981749738030e-02,1.986959202952032905e-02,8.419807097281475916e-03,1.050862580109807693e-03,6.597600954030820829e-03,5.974151935744136110e-02,1.050652679411688828e-01,1.230340052207604638e-02,4.184437735159340921e-02
3.213264877027879191e-02,2.983947097483338751e-02,5.321785062379717594e-03,5.796737873261881800e-03,9.715085231291082247e-04,4.065329569616410801e-03,4.635640416256112117e-02,6.929102914673450353e-02,1.399381935883193921e-02,6.508577923654160213e-02
3.407898512305815308e-02,2.017067245130841832e-02,1.540044086154431641e-02,3.233426796297751010e-03,9.597673728694125798e-04,9.160687324489680391e-04,4.057956149861013939e-02,1.481404288009260592e-02,1.265434513476744634e-02,7.764417564040546060e-02
3.592291668741953714e-02,1.079054449387436068e-02,4.825523957211388937e-02,2.055142987132787874e-04,9.024237094440965305e-04,4.882823397526260718e-03,4.172978010829896806e-02,3.836763482911510759e-02,7.257754373294143801e-03,7.275973470863031367e-02
3.858536067731027641e-02,8.144448733631761556e-03,9.057069140066967283e-02,1.753681224652293719e-03,7.629868647487711821e-04,5.845368865232456086e-03,3.702090009319213004e-02,7.605997858628646413e-02,9.579097958625000953e-05,5.900109809999747046e-02
4.094162098593086968e-02,9.423586209938914632e-03,1.175014193803155804e-01,6.848737511897095166e-04,8.701551414663382701e-04,5.257981162639288435e-03,2.160142271678815867e-02,8.851656226130311111e-02,5.760368238586771085e-03,4.726427446967043644e-02
4.191171812769868554e-02,7.046867507685522156e-03,1.080743485298624740e-01,2.332652091627169123e-03,1.152238054355316996e-03,5.225525120109441451e-03,3.093082598066966647e-03,6.181672132154239496e-02,8.577141918539896853e-03,3.773959678378002031e-02
4.092577770809964488e-02,5.683925130590879518e-03,6.482921507119397686e-02,4.176795400805440560e-03,8.230119812010708172e-04,5.469428323975174082e-03,1.015608718173556177e-02,1.376851518758228504e-02,9.992291188000435032e-03,2.380934363726289887e-02
3.665882057053650167e-02,1.707132264587844436e-02,1.507834561260690265e-02,3.150961642016391305e-03,1.551510729419603525e-04,4.506470853950389835e-03,1.732342308214545809e-02,1.071138620665272462e-01,9.963898145114728072e-03,5.469920629009559360e-03
3.026810666399977132e-02,3.700890961889893860e-02,6.176096246886341942e-03,1.986700097832156536e-04,3.867348751708587031e-04,2.598448613467119715e-03,2.261573867810192165e-02,1.550571863543377948e-01,6.434669427730599703e-03,9.675946524341302521e-03
2.886447990486965334e-02,4.717482005586016991e-02,1.682183739962929761e-02,3.777236389110270268e-03,5.247749678433237010e-04,1.368370953920933610e-03,2.901758273714871716e-02,1.367260527684845406e-01,1.813997463878524053e-04,1.894183101807895425e-02
3.874533187932756306e-02,4.154139906668385257e-02,6.058356808636992941e-02,4.253303159144943696e-03,1.909700102741183035e-04,1.039568447520513314e-03,3.538345403971843162e-02,9.516544787142264261e-02,5.931533086324678426e-03,2.733337658253796182e-02
5.478369049740051955e-02,3.211581429692308282e-02,7.848794401998294978e-02,5.518679698394114101e-04,3.580226933380933028e-03,3.433774230055103012e-04,3.891733069575872145e-02,6.538908921291999854e-02,8.072590719104898171e-03,3.519062537813316682e-02
6.415594109554945135e-02,2.789562313151932108e-02,4.789364920355713984e-02,8.182886785097993887e-03,8.948796514259525769e-03,1.033266904751840637e-03,3.908572436783141341e-02,3.719248512439776028e-02,7.963500219806077945e-03,3.478574116148407114e-02
6.074584122371688710e-02,2.495346393899033205e-02,9.284020863399494727e-03,1.294921441278291604e-02,1.144052615720048648e-02,1.796323285656557713e-03,3.787545744432291306e-02,5.051254778232500825e-03,8.358607411943606499e-03,2.402275901792760154e-02
4.764743897266576073e-02,1.754328240093398078e-02,6.357774841582240766e-02,1.185273846747730495e-02,8.910865712861456081e-03,7.222316482988267762e-04,3.759700969613993804e-02,6.785532878679334523e-03,9.618233961830004869e-03,1.281840255296732081e-02
2.845923744927672874e-02,6.500352582159835135e-03,1.147455316079969007e-01,7.163956962927078322e-03,3.680714126389977338e-03,2.024592805677922353e-03,3.896235375876580531e-02,1.188277630424121496e-02,9.488627880814747007e-03,1.034069244579893798e-02
6.902040125453128699e-03,4.182613134867394986e-03,1.653039531566841691e-01,2.699283669698545989e-03,3.003023821458454708e-04,4.945277354404981583e-03,3.942779586262226688e-02,3.734187968953515263e-02,6.641779052747587113e-03,1.348432200864100108e-02
1.004212353454749136e-02,1.300914508406571593e-02,1.828920130857885629e-01,3.459373167984803438e-04,1.425169110299410232e-03,6.134995364344284635e-03,3.522300760808963482e-02,4.602250671537506249e-02,3.627717477290313096e-03,1.238303931134815232e-02
1.967850301657884243e-02,2.206640071515734297e-02,1.398941589873978486e-01,2.818136242173592976e-03,1.030272252987701580e-03,4.573911271592311957e-03,2.701355545491017016e-02,3.179335760456913906e-02,4.505302122876082664e-03,3.650717623235524324e-03
2.691167121598863482e-02,3.171285787040366289e-02,7.230643258318808497e-02,4.623626380814409124e-03,8.151770105330510396e-04,1.061865308304100943e-03,1.859042798990220846e-02,3.395648970812048181e-03,9.758924082804924793e-03,6.062804055331536858e-03
3.209704623059948803e-02,3.495619286690553051e-02,3.443586379747407694e-02,4.547757297875178878e-03,1.021048039144728786e-03,2.216161240748830506e-03,9.488665166013652771e-03,4.270990832547713612e-02,1.602949789338084519e-02,1.085088819261471708e-02
2.826292972611095522e-02,2.400573819158529493e-02,9.314533032693025211e-03,2.608339199720661333e-03,1.140091327340354670e-03,3.710526553559667304e-03,2.159092794890612142e-03,5.666900956066008022e-02,2.081495295227879169e-02,1.419038173874367405e-02
1.666563634242065883e-02,3.258463009462626934e-03,6.139589384429069985e-02,3.972839069519949621e-04,1.069305035285780369e-03,4.077484436152214314e-03,1.145504318333413069e-02,3.824239740208459915e-02,2.460676892649492700e-02,2.109421062489949539e-02
8.622887424501637921e-03,1.332332237697887549e-02,1.665408833299701630e-01,1.076095220513963429e-03,1.031908221369097749e-03,5.068397106814392060e-03,1.460340900491209626e-02,8.278659058792011902e-03,2.817269847972659821e-02,2.885401670377817432e-02
7.667453240443992263e-03,1.777740165304362782e-02,2.237892889437492205e-01,2.158574878551555633e-03,1.076278174871129253e-03,7.272850112450676349e-03,2.134723849972224724e-02,2.509874933921999243e-02,3.071205971072641858e-02,3.309177120798446892e-02
7.287856048274692078e-03,1.223823632393868273e-02,1.948847157980972689e-01,3.100251429908946598e-03,1.098007954381265226e-03,9.787965235862530061e-03,4.292909395819101415e-02,6.773672941830197192e-02,3.147949418338479716e-02,3.505609999756542638e-02
5.092011764203490005e-03,1.422418484265826170e-03,1.316924518518277354e-01,3.316356107496445677e-03,1.072484828175306179e-03,1.131688253511624678e-02,7.085035401780043207e-02,9.712288677578716223e-02,3.077340119998524248e-02,3.617468940637428437e-02
1.111712717553727317e-04,9.071664761080839093e-03,8.971109648675701376e-02,2.267518189060274431e-03,1.047685269900541392e-03,1.088068114483828341e-02,8.533645041842109757e-02,7.839405800946729064e-02,2.856232765354246861e-02,3.282769659872054185e-02
1.686295110451905763e-02,1.212540787072433068e-02,5.670328660619067263e-02,9.127392557231154841e-05,1.035322113659213530e-03,8.690651123816858434e-03,8.209613265554789596e-02,2.506957607634610619e-02,2.396292442546628723e-02,2.233088076836900818e-02
4.897639459667651324e-02,5.998772533798660961e-03,1.487268204770302200e-03,2.435334272910141037e-03,1.012895685366133839e-03,6.694926275210792005e-03,7.338919395380119615e-02,1.694848715137456038e-02,1.657064320384808720e-02,8.881736928077919521e-03
7.791953830720180219e-02,1.866584792087668150e-03,7.091021766466731879e-02,3.695197564464919576e-03,9.746900201739019986e-04,6.509540372232247921e-03,6.568781463216580296e-02,4.002173653168701606e-02,7.334953472247549185e-03,2.194317504472760756e-03
8.085420556566395855e-02,3.244853263158034226e-03,1.101657403081990616e-01,2.048804221960719325e-03,9.314370842448819240e-04,6.645950081701226808e-03,5.347014259890411902e-02,6.785036481711557987e-02,2.002895607773318848e-03,1.327621040110145770e-02
5.451454737860694788e-02,2.545216247659764976e-03,1.167397113169457157e-01,1.653628636531868533e-03,8.864302991920130787e-04,4.089315827267008853e-03,3.465900963288260500e-02,9.215065275079405149e-02,9.898717969413394629e-03,2.872454281177445889e-02
1.414924603829830450e-02,1.095322384187297736e-02,1.226829520545833774e-01,3.948079136511887903e-03,8.353806452313852901e-04,8.851075966731917523e-04,1.815892682648331119e-02,7.999869430293941874e-02,1.516913922038716500e-02,3.941120396009555743e-02
1.859422979124648531e-02,1.807892206889674322e-02,1.299126433872195285e-01,2.993234180537773532e-03,7.775853254252101249e-04,4.104295349593502576e-03,1.286325650302728128e-02,3.465697132788195245e-02,1.645207299470442808e-02,2.707131990518202302e-02
2.453332554539734353e-02,2.318843422785674124e-02,1.063152562422566005e-01,9.720398938165540365e-04,7.161126308582179637e-04,2.967359290646889511e-03,1.647199922481953557e-02,2.355875900873910522e-03,1.290819068358380756e-02,8.007778806161092860e-03
1.725319419829315741e-03,2.918198714206613267e-02,5.618464622076465437e-02,5.315164290604358329e-04,6.525508733738100186e-04,6.977160832121202718e-05,1.845795639354469095e-02,3.116811036903585803e-03,6.503929285397639856e-03,3.823545933913543443e-02
2.592080284323975900e-02,3.797260055084009100e-02,3.035437414966677197e-02,1.234626068361168892e-03,5.868297989430663018e-04,4.810873217035582664e-04,1.195203084104602166e-02,2.516002801239279954e-02,2.142638651224229585e-03,3.794000592868627952e-02
3.024570530212492350e-02,4.148058048040954154e-02,4.286917787975143973e-02,1.315092477539327002e-03,5.196467671843343081e-04,1.688475952285565986e-03,1.127696110053271698e-03,5.888725242053663433e-02,3.018297388798750654e-03,9.734536702800960020e-03
9.022558248560507213e-03,2.585213286436512103e-02,4.366487892414416122e-02,5.454387707352593376e-04,4.525480526499099220e-04,3.783331626975468091e-03,4.183601725825840736e-03,7.646348635459498944e-02,6.206353763002941601e-03,2.274363738576625285e-02
1.777879009160231172e-02,7.885279532771250974e-03,3.203257589821915420e-03,4.898049943857364467e-04,3.867589532564324074e-04,4.104985383622757056e-03,1.353424666695696253e-03,7.091652686517790904e-02,5.994396718544000267e-03,3.694731199768049035e-02
3.631562319656042592e-02,3.842229374643543055e-02,3.943751364591897152e-02,1.988639042320962651e-03,3.230938665186341811e-04,3.469205511996785191e-03,1.473292471683144110e-03,5.983292524872414753e-02,1.880960128080087865e-03,2.739703218410389704e-02
4.839142619853003396e-02,4.793500128443144853e-02,4.327202845683660037e-02,4.058491762053412569e-03,2.624681026294302041e-04,3.075655424160948608e-03,2.573994538784555187e-03,7.066205320439956916e-02,6.296133978106165921e-04,9.283736986497537202e-03
5.717266641325424725e-02,4.014227308108242465e-02,2.322070008930171917e-02,5.687347238332988476e-03,2.059164969675894206e-04,2.985246794379014385e-03,8.858814765980443581e-03,1.067795347906509429e-01,1.894487475803436401e-03,2.352046647667645207e-03
6.024379349234624398e-02,2.835913677543400180e-02,9.621699493046403234e-03,5.967000508877596393e-03,1.543205577711154273e-04,2.790664301510724799e-03,8.620443421331908801e-03,1.410958428101737605e-01,6.549403584671167899e-03,9.567897944011284628e-03
5.895514535942403267e-02,1.754933825266209030e-02,3.723592955186228251e-03,5.344700258466307356e-03,1.083564359297152898e-04,2.472615017043034141e-03,1.921065108435367035e-03,1.475233844600843391e-01,9.565420226653555125e-03,2.106747793534455987e-02
6.157654224808056104e-02,5.740182351398134472e-03,3.509395442815439747e-02,4.783362729570527459e-03,6.859677549358214306e-05,2.220191624038899379e-03,4.202792352757390472e-03,1.226466310736945148e-01,1.120372852559797447e-02,3.266589688009517711e-02
7.071197569907443359e-02,5.093889068668269737e-03,6.893123806016679400e-02,4.519284980256492446e-03,3.553479545524423769e-05,2.048312456696825806e-03,7.414628001221177170e-03,7.676380103612955030e-02,1.296798398590632076e-02,4.373099198554309536e-02
7.606661652946909713e-02,8.922676959972567629e-03,7.276772881076809529e-02,4.250509961711595314e-03,9.516065790746191166e-06,1.871678102079555196e-03,1.112070807868721298e-02,2.656034131872821516e-02,1.439566481219709849e-02,4.596261434143734254e-02
6.694983320021462292e-02,5.399879341332080446e-03,4.694083175059476920e-02,3.874239959089093542e-03,9.332328694441332649e-06,1.684565419026724190e-03,1.528727840721007432e-02,3.170442125499127461e-03,1.488858791055393260e-02,3.403545793264738800e-02
4.547345456909942379e-02,2.440488470622757984e-03,2.282919175561266140e-02,3.526785091870422457e-03,2.107435626507480936e-05,1.530545092049410754e-03,1.535008161703516755e-02,4.549702991031500873e-03,1.523458407859689702e-02,1.909295974834504528e-02
2.149235491520135391e-02,6.475110168622569967e-03,1.467208539322073513e-02,3.258808018433177918e-03,2.583679910485410720e-05,1.415721221520665520e-03,9.875341899776837393e-03,3.801119238948622719e-02,1.583079762539002511e-02,1.545993608291560024e-02
2.954636889682817069e-03,1.527758181123905351e-02,4.095185519992682044e-03,3.008335243191429670e-03,2.382407704805940756e-05,1.317311962785868871e-03,1.672244577335058047e-03,6.688243857584133534e-02,1.591070068835502213e-02,2.220948642680589669e-02
2.988474915824689167e-03,2.290682118666544781e-02,2.727771741485047335e-02,2.751316744617867110e-03,1.557755471630915876e-05,1.228987089894448183e-03,7.532186600612052023e-03,7.169500370211839835e-02,1.500034160414644678e-02,2.845565869363084546e-02
8.744756517516277458e-03,2.693992097276905195e-02,7.827836768782209242e-02,2.516239073743660459e-03,1.948972482493230903e-06,1.167158961054784753e-03,1.752830222440071931e-02,5.820417192577341525e-02,1.350254131641496005e-02,2.767530994207786227e-02
3.025337845395669606e-02,2.936315247124752711e-02,1.394314628667761569e-01,2.313887964633859484e-03,1.648408061479066761e-05,1.140243082973818991e-03,2.683704802654504964e-02,4.976832130993913417e-02,1.204682212904021645e-02,2.026177569236096640e-02
4.263891249687446622e-02,3.390957054743907323e-02,1.974053548905069233e-01,2.129681543528195130e-03,3.942902092696394940e-05,1.124316367324872546e-03,3.373709814085784631e-02,6.587219775929262222e-02,1.097594319191393109e-02,1.069148966255024057e-02
3.729304553205180922e-02,4.062938130296290390e-02,2.311774437537755800e-01,1.956511646305169293e-03,6.568401468535287199e-05,1.097259767254068607e-03,3.738735889903341270e-02,1.015196188930822252e-01,9.992738340515925494e-03,5.794805707536146086e-03
2.407377105135192694e-02,4.060074745597706120e-02,2.239117662777478923e-01,1.798796413949024222e-03,9.313984655110588476e-05,1.096167852187960928e-03,3.567055022879223741e-02,1.294443076456568975e-01,8.491726551715782223e-03,8.777294167410826242e-03
1.296876396116684177e-02,2.350597051453382630e-02,1.781155704777739879e-01,1.657223914355015733e-03,1.213969121214405529e-04,1.160663409103284381e-03,2.605591535943881099e-02,1.233454900660438530e-01,6.658244864208628933e-03,1.327389163432102573e-02
1.722977216188662994e-03,5.651031120676078441e-03,1.123362231076743128e-01,1.526748473768261248e-03,1.519036532265495652e-04,1.207004665451383903e-03,1.085683995750695054e-02,7.823777340305845818e-02,5.326797783374208686e-03,8.499299728930041417e-03
1.244530491755617592e-02,2.800075807704029834e-02,4.795028208306736234e-02,1.403796757388516610e-03,1.824469429209994264e-04,1.139093644708009945e-03,2.103945608495671679e-03,1.680502114106170730e-02,4.534172685619567572e-03,7.889599357854685732e-03
2.261630886936278825e-02,3.318677757597349870e-02,2.014799933648528558e-03,1.287385108390096209e-03,2.067884604542288493e-04,1.124034666061795229e-03,6.198991438814778834e-03,2.421711808807653146e-02,3.520144494272272641e-03,2.495608629560009534e-02
2.137606798255210772e-02,2.875057250995387975e-02,1.594874174350457974e-02,1.175852002099969738e-03,2.264977394728049395e-04,1.372513566446775671e-03,1.535867350312599897e-03,2.927173716585759408e-02,2.196889977226714960e-03,2.930429831792539033e-02
1.210190991407176023e-02,2.470680716757558959e-02,1.040583289693578634e-02,1.066387530448427391e-03,2.521118047793795974e-04,1.492726594697600401e-03,6.268043732226202466e-03,2.295740135065761633e-02,1.334396340291609841e-03,1.930832510161783339e-02
5.083599325518637496e-03,2.133709049728620133e-02,1.008350710597448810e-03,9.566474862361376476e-04,2.779641730504336938e-04,7.273126026505593710e-04,1.098560488692939749e-02,3.665378692973916136e-02,1.387540641520224570e-03,4.956362772423678585e-03
6.289735428777164239e-03,1.517832486036177833e-02,6.037085827554146064e-03,8.450781515765154201e-04,2.791148437469658070e-04,7.427071829783176132e-04,1.012695795403370860e-02,6.858313012479258508e-02,2.101815627299132710e-03,4.279688683394052527e-03
1.440249266176399714e-02,6.890544038181909206e-03,1.073096288846356501e-02,7.302420074635094984e-04,2.650829696341963203e-04,1.534571646193051741e-03,6.146944250325759793e-03,1.016497634816508483e-01,3.006244895809077021e-03,5.884331923348987137e-03
2.680360554885977825e-02,3.215407063892872751e-04,2.344813362427372247e-02,6.107257578067256873e-04,2.878585572285948576e-04,7.803747929656743715e-04,2.890900284553750421e-03,1.405929521273265870e-01,3.617221709246100543e-03,1.471024443090563185e-03
4.188956473714980366e-02,4.981830292606469028e-03,3.467520721048004267e-02,4.855123640592721047e-04,3.273886906514392680e-04,6.486946037948245836e-04,1.108424608949287044e-03,1.934410096108718780e-01,3.563549606686914305e-03,4.951931049648835084e-03
5.366482140380205573e-02,8.061138996902703427e-03,2.440142027043345693e-02,3.540737094857095450e-04,2.713720738044928210e-04,1.366765133183554934e-03,4.290589777225912137e-04,2.325730488386230643e-01,2.998237214764867299e-03,8.077005084405496430e-03
5.175929705924952468e-02,1.091550444991219032e-02,1.210420675943664308e-02,2.162290685266294319e-04,1.592954913276205958e-04,1.189930317396643757e-03,7.263172879652477626e-04,2.180243089639007648e-01,2.417653668180901744e-03,7.977866359679225763e-03
3.381986318731938779e-02,1.320626513128978635e-02,4.902935405136148866e-02,7.211722702563788667e-05,2.348640261006242590e-04,8.727721961226958406e-04,2.446351042369030847e-03,1.540137041820130170e-01,1.827355985457407642e-03,1.276496865137654972e-02
1.352760546297049858e-02,1.350457324009072223e-02,4.879081444755680591e-02,7.773507615959398534e-05,4.300855263663532543e-04,8.044791057208146778e-04,8.071217766433920124e-03,8.725829619810693272e-02,6.904459651188634426e-04,2.768947826227622158e-02
7.396575028637799448e-03,1.177764423267744359e-02,6.474963755712484156e-03,2.324115252965663848e-04,1.812348808869107303e-04,7.724012358792599516e-04,1.268729108697086091e-02,4.882678100904260660e-02,1.131002254103353252e-03,4.581318932566633140e-02
1.436811020867179677e-02,9.633733892566222548e-03,3.665836209933435313e-02,3.906649723348476055e-04,6.334796277709394503e-04,6.082526527633265630e-04,1.550443853721708565e-02,2.204696099325682487e-02,2.864137909084845703e-03,5.588386810608363120e-02
1.802648065200113808e-02,8.115543275763493006e-03,3.985350057366373461e-02,5.509593838259761647e-04,1.140974080351856790e-03,4.068720907207160585e-04,1.875097159892198315e-02,2.495077911070647456e-02,3.419722736015587926e-03,5.469538186107163885e-02
1.044406070582795491e-02,6.895597992769484513e-03,8.921415986404416729e-03,7.114960171418396439e-04,7.032151672892229290e-04,2.504935378249340179e-04,2.278186334069050648e-02,8.684905560148452330e-02,2.628377398717934854e-03,4.689513620565479574e-02
2.266965817284430362e-03,5.533128442091427707e-03,1.969829253816559808e-02,8.702585954949153702e-04,3.715889016048618757e-05,9.968169549051454127e-05,2.482614540262882349e-02,1.162935446235301984e-01,1.890963622843991939e-03,3.752499021486673664e-02
4.248986106252934138e-03,4.172507658236957774e-03,2.649553281411393124e-02,1.025075759064538730e-03,2.136625259661010915e-04,8.027917300900532383e-05,2.340515529690977842e-02,7.835793314385589015e-02,2.707416168435310654e-03,2.837818867860308902e-02
1.067868019924541473e-02,3.029827742761638781e-03,2.315091955469394946e-02,1.173682575172905725e-03,3.823345365273253776e-05,2.668057768337119993e-04,2.023685138899708816e-02,2.844730597218255927e-03,4.429417478193146268e-03,1.909004892104100223e-02
1.010601782569727630e-02,2.049168291444105477e-03,2.592114159379035540e-02,1.313779576202747570e-03,1.590341789360762517e-04,4.386042530915122022e-04,1.661716455126779901e-02,7.228991552434688161e-02,5.034645647477403209e-03,9.981455958978513107e-03
4.004783774181652420e-03,1.134946714052915279e-03,3.293490556739496478e-02,1.443095574881506039e-03,1.040861498980335398e-04,6.011246616255815512e-04,1.140155480188127096e-02,1.122081936671208008e-01,4.175530036460195320e-03,2.886089927196687152e-03
4.085581342884531120e-03,3.158066927487472196e-04,3.382865886457549903e-02,1.559452699683668226e-03,1.060622129798718456e-04,7.595628349623313475e-04,4.063321797282793552e-03,1.522138984186699739e-01,3.457330468032002255e-03,1.546571992781659022e-03
1.488988454205947970e-02,3.620935816455646836e-04,2.948884215460396627e-02,1.660828325206867339e-03,1.508820613830472418e-04,9.067333862374407465e-04,2.864742901084191620e-03,2.083651516315763175e-01,3.770593413876982200e-03,4.551189650417212032e-03
2.882122489611464722e-02,9.131663531861944610e-04,3.026936976846056337e-02,1.745412213352027673e-03,1.443219868651019421e-04,1.035681726972949171e-03,6.121431576327590780e-03,2.490994685544166698e-01,4.385799506241098641e-03,5.795080453728912277e-03
3.739233201774597171e-02,1.363368912008803549e-03,4.046766775518465670e-02,1.811659081247393548e-03,1.787051389492770560e-04,1.145628987606004670e-03,5.282491231639300025e-03,2.396193407751349702e-01,4.600684889254981133e-03,3.352612047695057145e-03
3.890695295320031888e-02,1.712961551352890251e-03,5.512963293044311625e-02,1.858335279111978343e-03,2.695058653544263696e-04,1.236242640587891352e-03,2.583821642111866750e-03,1.883810190369511472e-01,4.606012998665803305e-03,1.357101713556903982e-03
3.561356364058387153e-02,1.958869293222950496e-03,6.854463704430058257e-02,1.884557555599190382e-03,1.822966267363059238e-04,1.304874843856413270e-03,1.252609209452535191e-04,1.283034402444911126e-01,4.715048433552230037e-03,3.308744849687732248e-03
3.119346077417520235e-02,2.112199352402640423e-03,7.762050316355464941e-02,1.889822848826551785e-03,4.528826884716513574e-05,1.349289708942502620e-03,2.437134786626553480e-03,7.801233047585180713e-02,4.846741433177480761e-03,4.606077941606758364e-04
3.001552040042359745e-02,2.187739292732996874e-03,8.015867656003689001e-02,1.874028677502600918e-03,1.476303838776240728e-04,1.369052258223929378e-03,3.679072655450304086e-03,3.966521408956805161e-02,4.854598963689733815e-03,2.972528194340571302e-03
3.215556892924784776e-02,2.195335876244615576e-03,7.676813032518862989e-02,1.837483593602632975e-03,9.089342071621511710e-04,1.364313528811657468e-03,2.503696850672442777e-03,1.301073184317504822e-02,4.775916325557520020e-03,1.526231997064815766e-03
3.170289153605616167e-02,2.144378337927910216e-03,7.263039263779164090e-02,1.780907214596226399e-03,1.366563255925682015e-03,1.335172035725366814e-03,1.016138240152289745e-03,4.376675222498132775e-03,4.682191335996075190e-03,5.265421758219038934e-03
2.501064809128153432e-02,2.047530358860964912e-03,7.262468461518409302e-02,1.705419780382907285e-03,8.491185404007712753e-04,1.282242337190586711e-03,4.245623039585408320e-03,1.883224974615459874e-02,4.560500464231766193e-03,1.268588901003932755e-02
1.567475531145133549e-02,1.918294443020690521e-03,7.565600390249360707e-02,1.612521540677328870e-03,4.568621739931255079e-06,1.206949057511733786e-03,4.182131536165547246e-03,3.607332509125701220e-02,4.381970510580517758e-03,1.551657267877285841e-02
7.138320549211978061e-03,1.768839453161228075e-03,7.665167793263388818e-02,1.504062463417226271e-03,2.329922278552772703e-04,1.111233172812916637e-03,8.581607510065764359e-04,6.104365657569149617e-02,4.158076555756957948e-03,1.196195333746860427e-02
2.717583749725708143e-03,1.610715421633310707e-03,7.319975654455469771e-02,1.382202957555513090e-03,5.066559239680668860e-06,9.973612330777736554e-04,2.521652923168266752e-03,9.499249816371722888e-02,3.909162693854795548e-03,4.520604305340132634e-03
1.485822924999019405e-02,1.455486020476726844e-03,6.754335668790209524e-02,1.249366568441731421e-03,8.210682101512538139e-06,8.679937930326580512e-04,3.413023732880591122e-03,1.220565839995172569e-01,3.637564984105162193e-03,1.520758046552483098e-03
2.417801329925395662e-02,1.314023066713944365e-03,6.251201411682177911e-02,1.108185831845604798e-03,2.796316412759314654e-04,7.261931649274400635e-04,2.512965739873494753e-03,1.144000550647216452e-01,3.341871983412608021e-03,2.209871599423784451e-03
2.679181195263048015e-02,1.195847290890701166e-03,5.838694500986028879e-02,9.614426335112089472e-04,2.492689857403201795e-04,5.752954086395495803e-04,1.786308488370238687e-03,6.847324178020755547e-02,3.029516966455062573e-03,6.267526964893396779e-04
2.619750629984082813e-02,1.109128725132682005e-03,5.419649673440785770e-02,8.120045537514169673e-04,3.120929527211281510e-04,4.187977657918391704e-04,1.733221404459455144e-03,1.936410890251358957e-02,2.710075211717061575e-03,7.913429949915387054e-04
2.723040179692989837e-02,1.060713784162725225e-03,4.973196454199677735e-02,6.627587894333361379e-04,9.752707517984520293e-04,2.603011645688454220e-04,1.701961058106518177e-03,1.464123917738687029e-03,2.389099028443744319e-03,5.008581424625840363e-03
2.930152446093340496e-02,1.055890892128871512e-03,4.534659053495419118e-02,5.165453158874583166e-04,1.211113401645448010e-03,1.034403172675457032e-04,1.439270261059646429e-03,1.249559603468310132e-02,2.070991011510934024e-03,1.349706926205237849e-02
2.990783823534141558e-02,1.098193170542167323e-03,4.106876677574151924e-02,3.760909711542807852e-04,8.656527346370934120e-04,4.821497996198036064e-05,1.206245574941456743e-03,2.979823753225383995e-02,1.761737453336965605e-03,1.989585059586078050e-02
3.005476584265677834e-02,1.189381170844642892e-03,3.667311360077153692e-02,2.439461232597573120e-04,1.712827790408268341e-04,1.912528845295610779e-04,1.095914523393181576e-03,4.240244239937672466e-02,1.467414074741996664e-03,2.403499444277416852e-02
3.218713464531275381e-02,1.329470663977945239e-03,3.209462641316800091e-02,1.224255211894115149e-04,4.325853552033278844e-04,3.224957213630693298e-04,9.625580686990073886e-04,5.358668080426301494e-02,1.192716217001491344e-03,2.882806515812211257e-02
