2.890481232090253566e-02,4.607223602498072834e-02,1.595352308791547769e-02,5.969625651807778863e-03,5.326702496588389115e-04,1.810627325744957033e-03,7.823032526402728861e-04,1.102480026710685353e-02,5.122377590798960758e-04,1.668114945488271064e-02
4.413319577829275669e-02,4.587638417865176621e-02,4.697310914658946179e-02,5.917322755633436064e-03,5.929493783383435685e-04,1.738753272587555826e-03,1.895103904872455372e-03,2.131509066606214475e-02,1.233237184461812236e-03,2.155675006176823241e-02
5.934864158913927962e-02,3.359295921144116875e-02,5.948858323624190564e-02,6.033032616077422389e-03,4.626427666603856546e-04,7.524244963678933121e-04,1.534219046626631019e-03,3.030636887569823287e-02,2.795902953412812524e-03,2.312014812747628656e-02
6.311030508279530382e-02,2.029502559557462213e-02,5.100281885692149741e-02,6.352046358114734129e-03,3.593840979049129367e-04,4.877462929995965923e-04,3.929893850134778469e-05,3.125658217058159549e-02,4.524333706303706668e-03,2.089326797375949674e-02
4.685517174982045674e-02,1.731608563023378025e-02,3.572834111608042679e-02,6.121825028508787354e-03,5.288164304561944386e-04,1.287244723744365325e-03,1.251416229635743784e-03,2.345834213458776810e-02,4.742078349625768706e-03,1.709947071128417595e-02
1.177570914665015608e-02,2.169242870534930298e-02,2.276520847868168315e-02,4.844054204316608318e-03,7.863161385226542961e-04,1.226386330206318985e-03,1.217751909937696579e-03,1.196888956442545941e-02,2.873417193091053201e-03,1.487483063504312780e-02
3.061252557431752216e-02,2.415216467618335611e-02,1.001289246065350386e-02,3.416189038632605826e-03,4.951381469802127247e-04,4.631129166665714321e-04,9.954898454579026983e-04,2.915884986536130662e-03,7.723827611647451170e-04,1.510798276701198935e-02
5.904031551727922933e-02,2.399130121883589692e-02,6.036024917399547898e-03,3.037155236950768184e-03,3.463238328602458280e-04,3.432177473955191622e-04,1.741479487695234661e-03,4.902132373082716430e-04,2.311513627799747584e-04,1.623151630114574862e-02
5.590601635194313718e-02,2.427519873506222073e-02,2.601095796822044601e-02,3.154741681685471495e-03,6.772325158843193636e-04,5.086143419444588655e-04,2.580475934898767386e-03,4.588988498457560392e-03,4.018247024662573164e-04,1.764632980246999550e-02
3.108528517597766022e-02,2.035083058417881327e-02,4.715843284766670779e-02,2.192910865638969531e-03,4.610408205589862005e-05,3.727893058238820450e-05,2.134789220298592086e-03,9.908359281747585595e-03,4.072097143773319313e-04,2.111747423806472831e-02
1.839569525642820863e-02,6.387530999639192374e-03,6.006263158167845367e-02,1.757919204485572286e-04,4.401913229353423542e-04,5.200042194611000264e-04,9.726142888206617317e-04,9.894982585694633501e-03,1.957072973290973229e-03,2.729966225250431144e-02
3.600896261025889056e-02,1.368582729947834253e-02,5.501883246894517798e-02,1.440890720251769910e-03,1.943041031279969276e-05,2.588877301812782510e-04,5.735406684209185370e-04,2.535605620118257762e-03,3.031450917509621000e-03,3.358737135894210996e-02
6.495680059775356396e-02,3.313078715650204925e-02,3.720708783768372080e-02,2.131034074378187169e-03,4.968216154072314060e-04,1.773330344362649335e-04,1.143294744574589262e-03,8.115698942812958963e-03,3.602236356009946763e-03,3.775403264236135842e-02
7.904624005258809039e-02,5.256208620975784396e-02,2.440626205126147918e-02,2.524238885208863938e-03,4.342670048037317477e-04,2.462359614358387958e-04,1.923131498175619045e-03,1.518223157009689420e-02,4.375272419402956303e-03,4.047754470161345208e-02
7.787605801053726351e-02,7.191081645567069802e-02,2.537976984864879007e-02,3.091876974725084846e-03,2.432678316693379712e-04,1.193105561390397787e-03,2.277873644652150375e-03,1.419788419507496229e-02,5.384785377650303829e-03,4.154984388852911437e-02
7.276224094314616420e-02,8.027976606114081704e-02,3.312314589090396139e-02,4.001485649494545757e-03,2.339104229500616535e-04,1.288492249331295216e-03,1.780584317125704806e-03,7.467281424135780409e-03,6.294002600768781007e-03,3.823198187505687240e-02
6.007320974683113407e-02,6.783970215659351766e-02,4.108908722341747533e-02,5.351364549451499003e-03,2.456753265750709629e-04,3.058779769668209993e-04,5.738582159372617852e-04,2.828255404200658192e-03,7.252900119296971232e-03,3.100514537154023392e-02
3.411855699926363839e-02,4.309365905654646833e-02,4.989358499633302774e-02,6.985509396350670155e-03,3.633587246446933578e-04,3.814846319069170057e-04,4.319660459991449676e-04,5.954580820259161057e-03,8.437286389743978848e-03,2.595827891181333447e-02
9.479765711702716965e-03,2.566153692546013082e-02,5.680781683463709264e-02,8.627207695535715412e-03,5.021391653760596055e-04,1.942261287363293023e-04,7.405008705098441689e-04,1.528082241130863765e-02,9.316539588734077532e-03,2.790639851885961045e-02
4.236500507123370021e-03,2.572273037194470688e-02,5.557591213258963880e-02,9.949525065726492687e-03,1.994652631562487065e-04,1.252901169517206320e-03,8.931195159509417456e-04,2.617323452255365668e-02,9.403057786667896878e-03,3.520339386272391263e-02
1.509258174165737341e-02,3.893216314071785977e-02,4.576057742855547950e-02,1.061512420348984659e-02,4.278720305216666682e-04,1.399984957097212849e-03,1.268876878970329842e-03,3.577412363881850299e-02,9.262954416315968137e-03,4.268767053121975963e-02
2.658962155971002217e-02,5.457146553439197467e-02,2.737116491630018841e-02,1.099428388127882301e-02,7.240594961818530790e-04,3.789975733540020832e-04,1.454485679780923328e-03,4.020152904489064649e-02,9.825229871411744406e-03,4.582202123872166494e-02
2.874214593853471542e-02,6.229821158783131058e-02,5.403928677451180773e-03,1.214830114747532559e-02,5.788929721295093915e-04,8.651191300031641808e-04,1.288481362989108781e-03,3.330063637832603868e-02,1.139889279483143406e-02,4.171686778840200116e-02
1.777652920406324819e-02,5.883535591614378474e-02,4.879083662466259658e-02,1.410654666726990705e-02,4.324942984769452638e-04,1.532961983015573241e-03,1.197442526959885184e-03,1.482355298114852726e-02,1.379610217859767590e-02,2.903737255933787689e-02
1.742548734678088561e-03,5.183561338092296938e-02,8.122345515418494255e-02,1.509081365063642127e-02,4.851633568101021790e-04,1.679371097013372628e-03,1.181025188822603430e-03,4.962850684556084115e-03,1.556993585896009578e-02,8.859791022787081791e-03
1.331795410000876333e-02,5.044352864187460345e-02,8.727904395839475304e-02,1.378308223331094727e-02,5.883602618272082549e-04,1.500568573749552943e-03,8.996734774900691078e-04,1.497811929488032136e-02,1.326000036172900708e-02,1.261065744149643744e-02
3.667677031025539606e-03,5.300757874359487282e-02,7.611506527661021648e-02,1.170623423857551117e-02,5.889497751332012929e-04,7.998001529631246220e-04,7.935581002360756050e-04,1.424962242875934745e-02,5.001283808769709655e-03,2.533260890325066822e-02
2.024321132879860347e-02,5.144742838132613377e-02,6.473349874337190613e-02,1.157758968388525149e-02,4.774135638821309750e-04,3.701594454415215634e-04,1.537741627895448330e-03,9.767414477728287789e-03,4.872593924118409983e-03,2.640080048619036432e-02
4.072879858231639311e-02,4.402863157151826884e-02,5.880612641662066181e-02,1.350997877072283165e-02,4.396362558528058777e-04,1.312274566614266783e-03,2.622325510049873867e-03,7.561437703269485028e-03,8.828390075869236436e-03,2.622495776813357771e-02
4.918218100038711238e-02,3.539604650705161643e-02,5.821432056160213281e-02,1.503361674249497834e-02,6.590784450827031227e-04,1.374939759830385395e-03,3.009807483236811437e-03,9.098364153854779021e-03,4.330187001458013496e-03,3.430610708425968491e-02
4.702819712510203365e-02,2.716609695228044616e-02,6.437120137247420715e-02,1.506478784020804859e-02,7.814799605318496593e-04,5.231865193947674584e-04,2.833044574872088574e-03,1.285572859173579434e-02,3.930601504126917875e-03,4.405558978122705444e-02
3.673189250908506093e-02,1.595528094093503352e-02,7.258148577344773755e-02,1.533152109359896091e-02,5.028262066362330403e-05,7.949317668003750637e-04,3.078738297040812654e-03,1.482183019300726406e-02,1.031946747637797236e-02,4.330901643717834787e-02
2.177164045481130850e-02,4.990582676688355875e-04,7.070178146263088326e-02,1.696020382833193091e-02,1.457681452033430169e-03,1.809047969513323181e-03,3.886942054232834804e-03,9.233820118638288652e-03,1.408920181219987071e-02,3.408139527259811813e-02
8.617938566720268270e-03,1.921817070049924164e-02,5.467285240832581855e-02,1.810692901238700192e-02,2.324877608656997999e-03,1.692344840063812923e-03,4.445126163610802622e-03,5.169903449395984833e-03,1.683310878001842079e-02,2.847577092605705143e-02
3.369188365097520749e-03,3.351868795749304852e-02,3.493226729407716141e-02,1.697872536887341452e-02,1.434710934243481903e-03,4.834376319542282863e-04,4.497519990715808172e-03,1.947006942236949659e-02,1.575564214629491047e-02,2.918604051217393164e-02
9.412966933595383334e-03,3.875267104553908187e-02,1.971903740680337053e-02,1.537622752883523528e-02,2.742572232706799664e-04,5.145878065628841334e-04,4.550231014987071547e-03,2.206570982602351280e-02,4.970760605298549413e-03,2.822499142735042377e-02
2.472678411452416264e-02,3.755252480057372916e-02,4.994847522486853438e-03,1.643432260422536192e-02,8.373083484634099693e-04,3.528214050558251057e-04,4.408914567113069935e-03,1.341986967536179173e-02,1.438108192833637174e-02,2.343554606346366295e-02
3.997712282061603728e-02,3.667179996471536113e-02,8.755969532488711710e-03,1.991007687634016587e-02,4.515426343096304632e-05,6.830098758106115261e-05,3.256083219982228941e-03,5.991082303873195708e-03,3.107030066239723290e-02,2.195446508952585835e-02
4.913923383595030642e-02,3.763697496861902192e-02,6.781272404086239811e-03,2.260567419855263188e-02,7.102448467239591339e-04,3.967841782151764634e-04,1.633024913159718695e-03,7.526990595618591670e-03,3.535006477701086586e-02,2.575914835999148708e-02
5.904286342161497309e-02,3.558594084276487518e-02,1.621487879971139634e-02,2.292393640859492418e-02,1.487693330141979890e-04,1.032462464532546810e-03,1.316091281823993531e-03,1.213591608774278879e-02,2.915090785347103711e-02,2.754210944179718429e-02
7.293044005787341355e-02,2.839701218224937804e-02,3.888013600845641876e-02,2.246730482594535075e-02,7.017107383103630708e-04,6.311290884482060291e-04,2.470545404726576678e-03,1.062581885944450209e-02,1.993525460254245638e-02,2.521648092221649706e-02
7.306827610140184670e-02,2.008675857401538353e-02,3.871707310976897631e-02,2.312170441054106629e-02,8.374181965921573051e-04,2.643709136220562554e-04,2.993838609358754829e-03,3.043404536414516526e-03,9.623040128825626621e-03,2.748724339071500350e-02
4.192744650970635367e-02,1.368424660309231627e-02,2.050687765966878462e-02,2.458179763439438323e-02,6.602254176961434764e-04,4.255792027867080383e-04,1.629060223609471751e-03,2.987767610350363680e-03,2.689670934066197561e-03,3.803007049305683757e-02
7.544407924405879470e-03,7.908778594431902995e-03,1.468142735014748256e-03,2.559684376022715313e-02,7.487913556593670363e-04,9.237696330584076003e-05,2.444769238578358632e-04,2.680902479528953636e-03,1.147011571366660793e-02,4.527515763343333000e-02
4.526069476856871276e-02,2.224433321068366824e-03,1.689420803667320004e-02,2.621989717983692902e-02,6.887169401971497597e-04,2.988792215214611096e-04,9.233010729965957083e-04,1.900126951233912630e-03,9.318338163218984130e-03,3.736746231810235408e-02
5.938589547284992692e-02,5.963858916172579475e-04,4.063350271522008644e-02,2.715110548319862871e-02,7.985295065797009010e-05,9.117712679173250664e-04,4.427861927184120554e-04,7.352246555517605656e-03,3.935980869305179004e-04,2.100398072296855850e-02
5.876779124463929471e-02,2.745329225749757341e-03,5.863506829811312299e-02,2.785139977943861672e-02,5.306032691552086886e-04,9.593645864259494520e-04,7.032094484012891850e-04,1.262112116291318545e-02,6.186449460513619540e-03,1.592972199208520998e-02
5.231602600521798735e-02,1.234045179634473376e-02,5.208122828145687888e-02,2.776484400429217111e-02,6.353118326684164792e-04,4.162947417313585122e-04,2.499194191486908950e-03,1.520343638517468628e-02,3.669124602216995192e-03,3.101949349454787008e-02
4.905230399204596470e-02,2.065181046934307790e-02,2.599482148270280957e-02,2.879496434376736802e-02,5.950344608694082106e-04,1.557717142607521299e-04,3.823506107771853894e-03,9.502280450710326801e-03,1.275343006145603737e-03,5.308957382425790600e-02
6.739441449800100126e-02,1.609332640373460632e-02,7.640182198062639776e-03,3.255863700845470360e-02,6.752632513908167489e-04,3.723474203159775841e-04,2.624004256654043597e-03,7.110295937579321456e-03,3.225734938511767499e-03,6.360049039849459407e-02
1.192478619369970599e-01,2.797891488866411595e-03,1.071083639530278492e-02,3.483655057173834502e-02,4.265394158886427279e-04,3.881570460672738331e-04,7.711847012424003639e-04,2.955627057660094661e-02,1.389942973098591853e-03,6.060980057020731032e-02
1.904596853996095296e-01,8.819273198502846842e-03,2.018210372349608581e-02,3.070172897611643872e-02,1.625014532383959871e-04,1.277417311707906974e-04,2.812800650002877326e-03,4.752536901226436100e-02,5.549229070655322879e-03,5.517961848745844139e-02
2.523371472818637939e-01,5.286188811169174884e-02,1.710345074699048951e-02,2.808338322635402576e-02,1.386005983152998732e-04,8.229452322146422116e-04,6.594193382969086711e-04,5.190919137711083597e-02,1.813480180374620054e-02,4.986063357598081308e-02
2.838273426585836701e-01,1.113499118473887106e-01,2.184591229587606355e-03,3.934638847253714433e-02,9.467903931831510560e-04,1.258465598842565874e-03,4.429042878422007230e-03,4.337151728303260262e-02,2.981272921628902797e-02,3.499327740751311672e-02
2.765343855821205121e-01,1.460507420313045257e-01,1.208172073540390162e-02,4.838913362559248144e-02,2.125926619241462565e-03,1.028250756601333318e-03,8.593538842946583586e-03,3.578896812270734862e-02,3.188266904022777487e-02,8.293195966774094541e-03
2.336772610371362358e-01,1.533696824877517906e-01,1.974679089656769526e-02,1.330032826655774131e-02,2.210698952512700748e-03,3.906113965353276765e-05,9.631816757382066427e-03,4.285309181857171329e-02,2.487256711774564477e-02,1.596431539119600243e-02
1.718865613606836984e-01,1.558472442005259251e-01,2.164411155143902005e-02,7.452290848053516603e-02,1.141225162025385348e-03,1.152286015829596293e-03,8.720856331925557273e-03,6.001671383556158451e-02,1.623995349425924953e-02,2.387441203366662962e-02
1.146224745501320252e-01,1.585097990392458078e-01,1.587664029231151616e-02,1.635341601960383640e-01,1.446849733176148588e-04,1.133750430155441424e-03,7.661282803454060389e-03,6.951640367286848754e-02,8.603084880686000246e-03,1.919364853305858057e-02
7.600692334482717083e-02,1.456077760487349271e-01,1.197410477232004663e-03,2.013598413516906882e-01,7.741369280578392666e-04,7.700406033010207603e-05,6.012355645222607591e-03,6.260832857387532702e-02,2.558019287310091434e-04,1.714469928720394401e-02
5.091232703601712012e-02,1.116001408174304849e-01,1.372004360023495496e-02,1.909660457868171402e-01,7.285879680172296837e-04,8.953122074407057762e-04,2.423662228691116430e-03,4.593838839874951618e-02,5.162791543907955041e-03,2.416176508146048243e-02
2.666379523049102612e-02,7.059686000436400655e-02,1.797769423249485216e-02,1.656668221217839077e-01,5.812718717977582907e-04,1.240541541637797934e-03,2.612651528208086334e-03,2.820877591117931793e-02,1.796162657738362492e-03,2.860787546989694563e-02
5.832917761525623773e-03,3.929742575023728590e-02,1.425525223285903018e-02,1.408482883125431462e-01,6.194765277067240108e-04,9.407881987927316442e-04,6.944653511543303660e-03,1.211189564358435694e-02,6.308300752316401208e-03,1.469534682213966513e-02
5.252533627314356912e-03,2.412319014910295489e-02,1.463806414979373569e-02,1.129843513007737082e-01,6.343209380907349326e-04,1.135181460667241521e-04,8.808349940732368780e-03,2.016932946194994244e-03,8.338597387133574873e-03,1.497907788979506612e-02
2.861035859232044856e-02,2.032647231929605308e-02,2.282923287139996746e-02,8.209244475685528730e-02,5.394249035837963722e-04,1.265483098225372903e-03,8.269772874324642087e-03,1.406410820673669598e-02,2.323241097995480415e-03,3.832410316932805677e-02
5.622913723203896985e-02,1.588542898388367597e-02,3.185133477289529835e-02,5.423876967141127298e-02,5.959346621391952564e-04,1.173596963307705363e-03,7.375369093226983100e-03,2.483778676220930320e-02,3.689750269594569646e-03,4.011006456558996458e-02
6.673122925528081339e-02,1.444301247915533853e-03,3.621790014386103845e-02,3.180740658496190865e-02,7.838110273198754547e-04,9.741174382089625361e-05,8.087238307532211568e-03,3.273377820883094369e-02,6.143277331892378103e-03,3.071641492811860025e-02
5.563788175902803501e-02,1.944473595036150249e-02,3.620858123482550289e-02,1.310117863826671877e-02,5.757130008469497299e-04,8.833632372523517358e-04,9.694775846831366409e-03,3.257941190853125280e-02,9.656931418678070186e-03,2.887866309446424085e-02
3.273401223143614786e-02,3.565021294278323399e-02,3.188341669245992743e-02,1.928299210365944788e-03,1.506342472806972697e-04,4.338848207521269016e-04,1.013278875279828399e-02,2.410808956430016137e-02,1.473308518542938705e-02,3.434919427274119030e-02
9.489402537984253580e-03,4.382786139548257298e-02,2.100997466589596407e-02,1.148149856877753519e-02,6.344550714267046350e-04,3.763751044927309561e-04,9.559114420370995457e-03,1.715425286475258382e-02,1.398691185144477003e-02,3.252989866330570357e-02
1.434501517052141212e-02,4.898165129080781638e-02,4.594765470545744517e-03,1.637607453749950759e-02,2.904362441082794163e-04,8.937838800853708902e-04,9.596417287163674231e-03,1.938158757511142943e-02,4.541592461247525095e-03,2.089847119894725977e-02
4.774341673405219783e-02,5.124668839248230218e-02,1.075609265902029328e-02,2.065896547548663753e-02,4.915873545076805164e-04,1.179164843687185342e-03,9.602788085795517514e-03,2.265971117342845814e-02,6.026352997872831685e-03,1.336092177223035388e-02
8.116287715273183545e-02,4.617805122765840375e-02,1.876060838477165010e-02,2.656627484849042806e-02,9.958347389280163432e-04,1.006343013855771386e-03,7.400623799787378089e-03,1.299119881619865448e-02,1.017883101275242862e-02,1.754875504439243339e-02
8.042619337932516155e-02,3.888798799374196952e-02,1.717500986471998115e-02,3.155918626231953017e-02,7.785249542399966466e-04,1.464936630585019926e-04,3.242308328926764033e-03,8.274699741794636076e-03,8.623983387620232782e-03,2.210859562324454797e-02
3.326402864821049327e-02,4.201831795809111980e-02,5.279262776791016770e-03,3.235967636450921836e-02,2.485007239720278039e-04,8.593443043243919168e-04,3.330021441294088685e-04,2.497138795194052407e-02,5.247663774014788528e-03,1.171622303760876810e-02
1.762068106723221200e-02,5.638919162736834301e-02,1.355006158888721196e-02,2.981620302337227579e-02,1.404569951688263828e-03,1.223344646253621704e-03,1.715540399456918488e-03,2.601680226123805062e-02,6.285418159330570520e-04,1.383680155489373440e-02
1.907675727526952220e-02,6.811866877985135738e-02,2.590985097545258492e-02,2.751231405852164191e-02,1.498175541176294560e-03,7.047996738272326034e-04,4.797335551056513148e-04,1.354978907067840022e-02,6.725009288264357371e-03,4.063108576195463562e-02
2.998655047572644158e-02,6.780372657011030091e-02,1.603565325275682282e-02,2.714112600158317262e-02,2.832439123401296307e-04,1.853049117219970118e-04,3.691905847462055926e-03,5.520385112332133228e-03,1.590903131447381214e-02,5.505200055033643985e-02
8.549626224544699948e-02,6.034371386949916038e-02,1.628501256093324231e-02,2.738977537557498246e-02,1.017947465215777959e-03,4.835762468373435265e-04,9.277691953156549584e-03,2.418308675810649719e-02,2.204610173984650548e-02,5.429293046482291940e-02
1.121912669388380468e-01,5.588864753798690466e-02,5.165261112207807787e-02,2.647505109121251615e-02,1.040386173004086449e-03,1.280729408290344061e-04,1.233667160831732230e-02,3.471306206714582648e-02,1.976800074366358295e-02,4.831078812857480392e-02
1.090884046755254133e-01,6.116749677095583565e-02,6.770060955721794727e-02,2.422225157079599400e-02,2.656523550721460666e-04,7.063184684646942784e-04,1.107118740736276821e-02,3.445164422096788637e-02,9.341233856712668690e-03,5.217339707864489945e-02
9.412126340465083729e-02,7.655902947462375763e-02,5.716078037801996387e-02,2.198347760423820241e-02,1.518242155836202825e-03,3.659339565131565844e-04,8.925885041225357919e-03,3.077279819933228383e-02,1.865762021693587007e-03,6.952544557144040016e-02
8.603995676020104177e-02,9.424986156454820407e-02,3.031471471987974564e-02,2.115946853681156120e-02,1.365567746590495846e-03,4.815819978512311914e-04,9.756968524212216581e-03,3.352031008702638371e-02,6.206441474264745572e-03,8.526155505124621836e-02
9.737161158713472653e-02,1.029883876731548381e-01,3.231206957458064577e-03,2.171054018569020319e-02,1.146843127127739580e-04,9.266981992030285265e-04,1.213961088462572890e-02,4.365473559679828447e-02,3.286506198235031491e-03,8.364584661974856783e-02
1.254276086139108348e-01,9.779397819054808094e-02,1.723249035018253883e-02,2.219654821332288017e-02,7.994975705224882266e-04,6.369044545881871744e-04,1.218538432863454542e-02,5.200265437904947469e-02,1.894910253432174419e-03,6.981259741369499894e-02
1.486194376984284193e-01,8.275674737766243461e-02,3.787509683882891304e-02,2.138328640229814753e-02,8.235591743597787517e-04,1.808658545198966257e-04,9.923011034009663819e-03,4.812939665536324768e-02,7.710200404624500091e-03,6.086547194554824819e-02
1.462395958491290171e-01,6.592238642074692290e-02,6.348418095178667842e-02,1.956758091398879199e-02,5.930824898250466101e-04,9.181930688969333881e-04,8.794226686675111343e-03,3.059720164052144586e-02,1.767473791160092955e-02,6.065383233114841899e-02
1.223749818639417730e-01,5.392780215427150220e-02,7.816451170801359816e-02,1.808012618920044889e-02,5.411291493964969120e-04,8.109720316336773132e-04,9.684790691752371075e-03,9.156143125870938940e-03,3.074619497015606065e-02,5.918369649931693594e-02
9.974222470342461455e-02,5.039269619528703031e-02,5.877071191821731794e-02,1.754024977192439327e-02,5.513015087352852615e-04,8.196896588958509577e-05,8.846056149389500481e-03,4.503962927767003223e-03,3.653790964954715947e-02,5.225375273314721708e-02
9.499833305424362773e-02,5.706530880823353774e-02,1.104955049044398230e-02,1.731485221989277970e-02,6.671576099964093235e-04,6.306000694435640042e-04,2.409399726642336148e-03,7.938043557419217217e-03,2.780988911885139830e-02,4.464293878578180080e-02
1.107565414706945667e-01,7.339299291512976775e-02,2.958431367514924651e-02,1.689949380267974366e-02,8.741083552795495546e-04,1.155893401885933942e-04,8.853809994633360728e-03,7.989495093480208920e-03,1.200251419481568327e-02,3.808792535110881727e-02
1.416093129724903532e-01,9.461747187301304540e-02,4.088547885264447873e-02,1.647001541757397297e-02,6.113442934943344063e-04,7.472118264315230542e-04,2.045251927489871724e-02,1.046158937042806526e-02,7.801948926883710365e-04,3.084269481602258667e-02
1.728814438598564873e-01,1.144304821472799105e-01,3.443210995667756597e-02,1.593619444669575752e-02,2.475024298247070526e-04,9.427201332245765258e-04,2.850396233846385491e-02,1.293188424939830869e-02,5.604852376017514445e-03,2.326027972193662335e-02
1.834740148099430201e-01,1.296601045880989012e-01,2.817319005204040050e-02,1.523269689171890227e-02,6.372660164026557571e-04,5.727736122893211865e-04,3.161007725762909892e-02,9.013648344391226447e-03,1.286853724715316880e-02,1.281230515925487617e-02
1.665982213682770385e-01,1.366572658095108195e-01,2.401038315979287310e-02,1.506881003904641386e-02,5.244443581428917219e-05,4.880520741810621130e-04,3.002342957215529268e-02,2.731174966633890828e-03,1.877211901961804708e-02,6.118203164371025481e-03
1.402496846677072084e-01,1.241783541559364767e-01,1.905315558876639198e-02,1.555957895190808807e-02,6.296811442415918602e-04,9.046567060841976139e-04,2.487399521310540776e-02,1.694459321162160303e-02,1.667537344978029662e-02,2.824792632738800172e-02
1.260772826032475757e-01,8.228107368435912117e-02,1.588713986570605002e-02,1.533974028177471569e-02,3.792058731261687765e-05,9.491058700199433507e-04,1.717217171224746583e-02,2.762369354725235232e-02,8.070071887547635922e-03,3.676461149270317252e-02
1.266706392691861471e-01,2.458084201139250358e-02,1.432316666988803742e-02,1.362114684490790817e-02,7.079528287778656453e-04,8.536820903394313597e-05,7.175548408717877594e-03,3.297693923197869692e-02,3.709822124898765582e-04,2.475935537959773197e-02
1.268588236126577951e-01,1.351678280034390896e-02,8.965882112635586293e-03,1.166655607419674751e-02,2.769219399763509469e-04,1.347443004436155471e-03,3.673679774471169494e-03,3.402866490218795642e-02,5.462897813821586054e-03,4.134437536295196974e-03
1.049881981705615697e-01,1.671560421263479368e-02,9.904696922614722194e-04,1.107231028488337224e-02,7.059653728830689529e-04,1.331209939755943067e-03,1.159138572736096232e-02,3.163112162308639314e-02,1.467598753637760003e-02,1.086599041707137468e-02
4.765226945045265144e-02,1.828794812430643846e-02,9.941322341310645377e-03,1.166614319180428114e-02,8.144948516020880267e-04,7.025101794980962312e-05,1.427128249276877169e-02,2.640123993981816422e-02,2.556782641716693130e-02,1.654662020382594717e-02
2.898813730994357143e-02,5.927096289509423133e-02,1.439772777682642863e-02,1.192562831533862389e-02,7.149651148639817933e-06,9.564348730649133721e-04,1.407400200666470043e-02,1.988710109835968576e-02,2.702593908786282001e-02,1.636747525897261357e-02
7.938769746642113101e-02,1.257748774397967062e-01,1.612976254953324071e-02,1.106941721395730480e-02,7.482727613147659163e-04,9.859640812630565947e-04,1.423222747436788185e-02,1.416320814338755708e-02,1.381280615497956950e-02,1.642138269913622634e-02
6.990494428262235271e-02,1.612874100533593924e-01,1.646225078360300659e-02,9.838774389988313995e-03,9.936951700857579294e-04,6.287293441509957505e-04,1.423924227061736797e-02,1.031948977356134806e-02,3.941890697182958911e-03,2.269449219867128095e-02
1.773225769521208015e-02,1.407033299183817476e-01,1.220697704481737977e-02,9.006503157252905914e-03,7.653023315537664691e-04,5.893617745924126152e-04,1.225334673731763580e-02,7.470106040435993758e-03,1.257433590237177004e-02,3.449718409088715215e-02
2.511500852115379143e-02,9.561713990944570307e-02,6.581765837559060356e-04,8.294664029780306896e-03,2.786550031210631082e-05,8.657381816295967904e-04,9.664294411769396714e-03,3.158955694816269373e-03,9.619429613138606380e-03,4.441224652620371499e-02
2.470846889335465493e-02,6.271858471068829377e-02,1.235973880572947305e-02,7.193731109674415466e-03,7.989175956458880899e-04,1.012964847936267954e-03,9.503205576905239538e-03,3.927443046398396490e-03,1.441049628655899709e-03,5.010355483260037213e-02
1.030262935432875102e-02,4.367634975643944900e-02,1.522224447236981970e-02,5.650454405326259602e-03,7.141206636600636991e-04,6.867545789132296690e-04,1.134400931767047711e-02,1.088998790229841682e-02,6.396002907252504484e-03,5.853414443718164828e-02
5.496650596842463099e-02,2.496291770380863057e-02,4.370393795137190660e-03,3.896030761184802235e-03,3.398796520803060552e-04,1.218315761065575937e-04,1.144945881127415119e-02,1.314508390379568251e-02,1.078848237181141353e-02,7.132162829716676145e-02
9.676217665134678736e-02,4.942771451029840529e-03,9.065984136208335431e-03,2.454726722893922630e-03,8.510120183903912639e-04,1.802060329492873167e-04,8.241437665956849457e-03,1.125244024621555559e-02,1.083852445899182934e-02,7.446451479274525387e-02
1.262338219569432152e-01,1.125484698693274624e-02,1.039462537624440130e-02,1.615439733060802362e-03,3.115450219780424324e-05,4.266675005535043932e-04,3.966808503693434670e-03,1.032593367450028790e-02,1.048503471308385136e-02,5.307862703214589334e-02
1.229287496800295781e-01,1.916248310212672473e-02,3.520647457762175834e-03,3.763004659931047657e-04,7.998467140592143169e-04,1.172590941968332592e-03,1.214186770663794248e-04,1.086256007025181158e-02,1.320562877824397324e-02,1.003029412200473133e-02
7.918539049081282921e-02,9.115231328599981975e-03,2.269225027424507518e-02,2.701208580082283504e-03,9.219639844273505992e-05,1.813286854393112791e-03,5.945084996865576850e-03,7.301075681320199663e-03,1.239201137217821498e-02,3.881447184237109271e-02
2.497738659438036510e-02,2.535398270356355871e-02,3.436139857681214799e-02,7.078038030816920234e-03,1.474434959477796637e-03,1.113372734889482444e-03,1.369247385324857610e-02,9.195297478870177081e-04,2.339030833223208067e-03,7.843309222242819678e-02
1.807311395153964051e-03,6.990505805259365768e-02,3.206321052347928940e-02,1.033324811318874457e-02,1.333419720260909042e-03,4.924306992745840651e-04,1.899332599906780605e-02,5.355861413985544585e-03,2.808524873796192436e-02,9.654274382472631533e-02
2.114994931700506925e-02,9.871465713071393699e-02,1.801251406574946867e-02,1.124958796018433495e-02,1.932081854796356896e-04,1.112133134465743186e-03,1.833345654926494400e-02,9.580389093956373850e-04,4.879238161842756188e-02,8.754682501308977405e-02
6.528840896478625699e-02,9.898601412523948262e-02,2.814439561653553704e-04,1.100804377333216774e-02,7.655462695592483817e-05,3.007539160264474697e-04,1.420734344406917801e-02,6.210273208115700549e-03,5.374644225902133754e-02,6.479841396472303672e-02
1.122896539519546294e-01,7.376052895762880146e-02,1.460576120143809546e-02,1.077381543521362985e-02,4.222504964910760530e-04,3.216379838664061488e-04,1.172540154816702207e-02,9.815677512445162775e-03,4.676919761342075016e-02,5.419942478659685314e-02
1.449297105609102798e-01,3.442131109644690906e-02,2.668123767600442606e-02,1.020433129816128610e-02,2.757558038718369129e-04,1.803763038977986856e-04,1.206806546689254307e-02,1.246451163363724787e-02,3.605369400479993547e-02,6.646581693915058764e-02
1.474028190288674822e-01,2.298993553895726204e-03,3.661524369459700362e-02,9.093319894971189921e-03,5.098200174582112219e-04,8.536286950120324565e-04,1.222167307829623469e-02,1.711894028783167085e-02,2.430594482120651892e-02,8.540304952167054875e-02
1.088468281736823112e-01,2.826811099886176841e-03,3.902482158107913740e-02,8.309242368908993301e-03,8.919376240785340578e-04,8.008393924043265017e-04,1.051165744696593886e-02,1.905639758753045060e-02,1.293951256739609736e-02,8.768721026087818171e-02
4.185663512195200026e-02,1.362487497903873933e-02,2.957303541622425050e-02,8.027245641297503509e-03,7.339919008091868192e-04,9.858517638992459061e-05,9.152413021354858721e-03,1.459837772222054124e-02,7.669351508886328508e-03,6.795297739715332186e-02
6.182482259074841002e-03,2.870794301980945581e-02,1.399448927692688652e-02,7.059204335849080664e-03,5.777853735246117790e-04,1.220013443706594080e-03,1.003284260702582385e-02,9.460643487491803352e-03,1.227191469244702515e-02,4.150380262713206092e-02
5.078610748088401017e-03,3.370979637831985481e-02,1.555883302231358522e-03,5.172297180226083368e-03,5.597355152249960291e-04,2.840186828800852353e-03,1.080554134160013717e-02,1.037863898702938090e-02,2.096399091440669452e-02,2.375602465051663420e-02
4.892515805455877054e-02,3.395525821169011194e-02,4.992349989717000287e-03,3.929894142185258975e-03,6.479449524360983209e-04,3.432443908222353526e-03,7.524283976566233795e-03,1.528528050715224212e-02,2.330518725672693289e-02,1.301561041065006988e-02
6.453362108423664478e-02,2.410760687701879804e-02,5.587035118731154860e-03,3.992370881062003163e-03,9.009005714656523030e-04,2.326317677295972833e-03,4.364194634195651566e-04,1.799832817118588585e-02,1.476046570751487000e-02,6.302300435321039895e-04
5.529856022799309323e-02,3.350316311564582178e-03,3.222833304993726489e-03,4.136986628376331486e-03,8.759173063166317101e-04,7.914211870442661948e-04,9.697498682265413145e-03,1.604908863398821911e-02,2.822472678632106805e-04,1.943928939203676265e-02
8.456551120103385222e-02,2.914469538218451838e-02,2.059486904742155455e-02,3.995468816540369457e-03,3.443706129873486902e-05,9.772642206204822644e-05,1.631237263520590730e-02,1.004575259435388536e-02,1.341590661768751747e-02,4.267926862951234440e-02
1.668917402227503011e-01,2.175174554827222217e-02,3.288040964793824406e-02,4.725016080690206538e-03,1.265555669932155129e-03,7.940984474434677740e-05,1.913668419214803809e-02,2.932424261855570095e-03,1.898356252766239191e-02,7.116326634518524430e-02
2.404315447664782390e-01,1.852662458848623739e-02,2.403669849030262012e-02,6.214803231033728254e-03,1.398941982667644204e-03,2.744214664431355883e-04,1.932045508875306072e-02,2.350449491220094663e-03,1.818279521866395659e-02,9.134501340530772062e-02
2.573459697675386515e-01,6.095599287475229888e-02,5.328090634417075033e-03,6.728749918090377174e-03,1.476535638421828272e-04,2.293109808988299733e-04,1.664744919334300646e-02,1.517602893080952781e-02,1.674221886344407981e-02,7.888482476674830990e-02
2.346696058107887173e-01,8.619327247164058903e-02,3.641678240811987294e-02,5.576101501721479441e-03,1.149745906686115704e-03,1.631306702677375715e-05,9.101391236023975012e-03,3.676615262381868060e-02,1.844640157187322702e-02,3.853505203659116085e-02
2.050251011364410680e-01,9.409770240518723627e-02,4.913007595281335127e-02,3.510990893386851334e-03,1.151473810322432064e-03,2.602289524974155653e-04,2.518688301746350392e-03,5.250226294077597888e-02,2.310601949801412494e-02,1.138065079395831486e-02
1.674795836332073351e-01,8.031754977324880029e-02,3.593178551884668170e-02,1.020831317757004125e-03,1.109055028081948292e-04,9.130744393758207129e-04,1.309595408144265116e-02,5.299373909192042764e-02,2.971041745028709172e-02,2.015083840593524800e-02
1.053230074276991224e-01,4.649365851101749936e-02,4.665679256917310176e-03,1.418139992543185563e-03,1.357838981212394205e-03,1.300745694052560719e-03,1.860310593917428174e-02,4.351949500763846457e-02,3.634619272008475510e-02,3.775502715263442249e-02
2.851889761499616302e-02,2.468471980202958938e-02,2.472729900951340168e-02,2.113220812923028227e-03,1.335599297749280340e-03,1.197761705654990698e-03,2.003882407538418176e-02,3.595045001373237820e-02,3.725622478648275837e-02,3.052890888956857202e-02
2.448154251508312396e-02,4.673232214686626196e-02,3.329818221672255218e-02,3.571884508126942862e-04,1.054731753692734629e-04,8.797817020153777395e-04,2.032419448563677761e-02,3.492953925629851963e-02,2.671335113424954874e-02,2.505492081796005088e-03
2.982150980406543181e-02,9.351459639955952974e-02,2.153485238522774570e-02,4.189249577135618734e-03,1.089537159768497925e-03,5.312111945154601288e-04,2.009859216593665523e-02,3.637850674537151247e-02,7.706550038480746746e-03,2.369911582130009020e-02
8.383200817660424117e-03,1.144042933882588181e-01,8.219110988598100909e-03,5.202532751262975604e-03,1.132698968314290204e-03,6.544946220482553655e-05,1.831891398978654009e-02,3.633520050123217882e-02,8.741638255302625754e-03,4.328586387458009666e-02
2.804690106545000561e-03,9.180939132828834504e-02,6.802403636653167086e-03,2.040689684871361924e-03,3.521923862158290444e-05,5.713567924261871373e-04,1.512083382288366418e-02,3.418804119446926942e-02,1.507746813663130708e-02,6.313192591591275382e-02
3.011847741111807822e-02,5.185861347390953446e-02,1.385407991192216803e-02,1.534529937416590720e-03,1.412978463570455307e-03,9.318256971911596798e-04,1.188480412184314550e-02,2.929054263468933855e-02,1.334024938536185721e-02,7.741194721521023336e-02
6.372287633977852250e-02,2.092636051601923231e-02,2.360824483482566391e-02,1.376531850486249851e-03,1.846797814401432642e-03,4.946929852191820883e-04,8.530750625607399357e-03,2.127839111279582196e-02,8.493603580000902084e-03,7.300725802550536714e-02
6.412399673333568639e-02,4.008865215764527250e-03,3.886296877974458608e-02,2.249696977032596135e-03,1.295296426268744945e-03,2.561945838111551882e-04,2.799476052700072999e-03,1.204931519355519759e-02,2.113730740427176898e-03,5.184360893650989677e-02
2.534570547685241135e-02,4.679915061111658905e-03,6.045954203149755263e-02,6.419337808693128741e-03,6.792118674478358781e-04,4.294787383403448201e-04,5.911786216936051191e-03,3.558682790793316324e-03,4.379740876198472306e-03,3.205815091587401605e-02
1.835562490264697200e-02,1.786075411924344103e-02,7.743470236941524254e-02,9.546291557997509461e-03,3.677966540391646648e-04,2.477245665673262053e-04,1.293872339060425994e-02,2.532294190212357621e-03,7.227650150103257475e-03,3.005209548010231643e-02
3.326662215878191386e-02,5.009090949676608950e-02,7.690563607990187622e-02,1.178289810011817762e-02,5.372647740281107689e-05,3.412815344964903897e-04,1.176860450733216261e-02,1.196143502465709003e-03,5.051889398893479391e-03,4.787328097435961105e-02
2.071979103603891620e-02,9.337444069797012913e-02,5.873738348284033434e-02,1.349483482038240159e-02,5.864120553601377206e-04,3.747601039132461955e-04,2.405656470454329079e-03,1.239233835717003240e-02,3.271798333334312108e-04,7.294297634852980883e-02
5.752637446126129643e-03,1.137296445239128206e-01,3.266313783737465060e-02,1.471990429254041270e-02,7.830084732425549206e-04,1.801739338518853990e-05,6.252722359811814512e-03,3.195581212381094771e-02,4.951987764205856291e-03,8.653126916870829133e-02
9.284679806832231994e-04,9.334209436838650231e-02,3.897613846113353719e-03,1.499721917598844344e-02,7.094208512713985268e-04,1.406067220219801698e-04,5.400338619376846873e-03,4.202254168434890053e-02,8.736680452994707857e-03,7.886236966429649442e-02
9.217870180234377306e-03,5.643570227788730076e-02,2.844376723084051511e-02,1.327936583964576568e-02,7.211170953824433318e-04,4.659518222073576432e-05,3.344328523268556667e-03,3.707186921867788865e-02,6.730007213458315783e-03,5.955260236964143167e-02
4.394366710518474162e-02,3.449291798539464576e-02,5.877571389931003643e-02,8.751142486681193558e-03,6.471665079176087054e-04,2.221733697116641581e-04,1.008777621647310996e-02,2.986996360665802874e-02,8.351058353504641971e-04,4.694594018130485852e-02
9.197779171859528369e-02,3.022267109547341693e-02,7.371518378567551433e-02,2.088650270883300221e-03,1.421996478242652589e-04,8.874043167418290030e-04,8.933135692781993265e-03,3.352974528836120960e-02,4.732843296255767780e-03,4.464657445141990283e-02
1.197907898827230699e-01,3.183732257464155779e-02,6.845219442919693587e-02,4.199268724489513445e-03,5.642797583439739841e-04,6.848538083141167280e-04,4.034308114776185422e-03,4.384729290385224604e-02,1.793536240316814063e-03,3.863369924771847125e-02
1.210379949544882344e-01,3.482112563033518821e-02,5.454963044181958959e-02,7.368350521822650268e-03,8.976763890154123605e-04,5.342179961808140795e-04,2.761018774737759689e-03,4.638866719157445223e-02,1.326693516664880119e-02,2.128995057344111597e-02
1.295236556404113226e-01,3.485404109222663832e-02,4.623955706468629162e-02,7.155266668593160406e-03,5.873524718420535711e-04,1.245434565306747284e-03,6.693181148557795709e-03,3.352655470666708604e-02,2.226343978020261030e-02,4.647790851540389151e-03
1.591864045234546721e-01,2.406659639823238717e-02,4.621077098864517785e-02,6.325168592373103631e-03,1.306679416677335095e-04,7.625069679762621136e-04,1.101585362343810576e-02,1.015121997831241497e-02,3.028812892502409995e-02,3.134251325370251799e-03
1.635406233931544495e-01,6.101774566534660243e-03,4.812383236197020908e-02,7.626941219142332681e-03,7.184272892685273151e-04,7.738414548523459393e-05,1.094068346822171106e-02,1.037683168968339502e-02,3.903044542249707594e-02,1.435370990909494091e-02
9.979740691710281553e-02,1.072369957204111213e-03,4.695426200737370936e-02,1.071419895721400367e-02,8.218555897572005654e-04,2.775620996166505098e-04,7.130282140671645279e-03,1.583680741795383609e-02,4.117882477306589184e-02,2.327182579707118976e-02
9.591870206126514031e-03,1.596900649879894399e-02,4.291926270323725978e-02,1.260238544543513042e-02,6.495059243756829684e-04,8.127714382072633373e-04,4.306047009304783853e-03,7.951818788866183568e-03,3.059418589163605262e-02,1.973647010030378512e-02
2.327986060957559777e-02,5.058187376375131161e-02,3.707376041585514620e-02,1.075984941587907612e-02,6.512248116717593701e-04,1.320397081530108032e-03,5.192044860802192373e-03,2.111767854210948574e-03,1.408083813111557156e-02,7.997655832105324963e-03
1.353950522404261114e-02,8.107038285094847474e-02,2.701614053618768205e-02,5.768850841307273693e-03,8.448495882482242756e-04,8.716657827388052870e-04,7.535943468328504258e-03,8.889374611177634777e-03,3.576025594953648884e-03,8.628644839107368642e-04
5.012147869266041222e-02,9.033537740951970429e-02,1.154427048450160087e-02,1.279760211686796576e-03,7.698998218033020540e-04,4.069098135351337394e-04,7.550850646569514518e-03,2.339049938986354285e-02,6.234311055247471721e-04,3.477558430608167564e-03
3.618400082496863596e-02,7.862074416763842333e-02,7.011246729977872912e-04,9.931895453450430029e-04,1.699612198775980840e-04,1.407537467652049401e-03,5.141435613842202518e-03,3.709900444306002409e-02,3.798410123166515509e-03,5.550374255164587656e-03
3.510498294347887127e-03,5.624361886259827276e-02,5.071662520680462506e-03,4.988747052359640902e-03,5.650372666967150639e-04,1.554768751760702943e-03,4.521715136646835276e-03,4.978215918752405128e-02,1.492606202733608688e-02,9.479581989343224477e-03
2.176872723743445565e-02,3.109639150527097537e-02,3.266345548486812578e-02,8.685378247175874061e-03,8.065730955538146342e-04,1.043779542860262923e-03,8.592680012318719071e-03,6.411729801077868662e-02,2.578869678133598534e-02,1.097866193797333335e-02
8.727731441214579486e-03,5.912272342972466933e-03,6.548909812393940988e-02,6.456115012837635586e-03,3.925936785634688152e-04,3.226166009281241720e-04,1.325338889258835355e-02,7.771068982769363531e-02,2.565766783403981149e-02,9.405833478458375946e-03
1.566281900946647765e-02,2.093176035175137867e-02,7.905924155486428184e-02,2.133694972130587616e-03,1.761023764305502800e-04,1.146092887557743810e-05,1.063178236157724318e-02,8.738930489147839209e-02,1.418291195491623927e-02,9.394227681763929819e-03
3.841580182339856403e-02,5.256160576930880846e-02,6.322439148047108437e-02,1.082623546861422557e-02,2.350336064648280885e-04,3.535355883546178286e-04,7.569782792730566680e-04,9.587514823683078447e-02,2.762123441398841965e-03,1.121227777056713233e-02
6.082688311092306760e-02,8.334201704545582401e-02,3.032289348045790270e-02,1.330960445603380886e-02,3.320391708178353643e-04,1.024738913296294142e-03,1.291075829774339552e-02,1.078636999042229955e-01,9.774178947877789833e-04,1.207091061349251614e-02
7.852431560965020263e-02,9.351107072600679804e-02,7.973785901667991734e-05,9.199848663699449619e-03,8.910459610076651871e-04,1.451957754922266223e-03,1.723336785487995793e-02,1.230010733619830154e-01,6.895447220588803161e-03,1.407088684504201499e-02
7.999605716952519485e-02,6.418936654358847749e-02,2.009962031702405838e-02,2.107167163297842764e-03,6.379728112914971952e-04,1.350442070091876189e-03,1.301784908615799194e-02,1.374896020718588407e-01,1.383197730593534527e-02,1.716439891204334448e-02
7.158513266356743288e-02,3.178926042245370717e-03,3.098669359608298424e-02,3.915195515323525825e-03,3.874990002745616483e-04,4.876417201731030938e-04,6.262469179896220858e-03,1.481845441233757832e-01,1.891566349217364482e-02,1.302913571833920134e-02
7.668120330157628117e-02,4.956434706103624022e-02,3.039882321250319749e-02,5.013851652791345877e-03,9.694403106419085875e-04,9.067016165654096134e-04,3.350078860681942640e-03,1.511864926679433729e-01,1.935281017532858305e-02,8.185982297498305138e-04
9.767966005007136521e-02,5.659396194197667540e-02,1.786046322309771742e-02,3.866958775474444842e-04,1.271377496136639064e-04,1.690111616139240540e-03,5.593131896405928970e-03,1.434103841852073791e-01,1.053379410749190857e-02,5.597942631050144280e-03
1.099810703761185116e-01,2.649637724515558831e-02,6.569308069894333642e-03,4.687657142719121699e-03,1.270911733255181185e-03,9.547107517761520713e-04,7.979431055941264145e-03,1.301186176262407179e-01,4.123191215683726964e-03,7.624435834176577359e-04
1.074507167002276414e-01,5.450717157164279743e-03,1.049797312906340652e-02,3.793177940417928867e-03,1.459339950580729184e-03,5.953185476578890445e-04,5.061165406949863846e-03,1.211325294369670763e-01,1.202149890183671493e-02,1.662127846468324475e-03
1.181921281436365129e-01,1.729940406006283057e-02,2.327945959111933291e-02,2.894871701515536883e-03,1.605710646410132500e-04,1.389329526928762253e-03,1.670893215711098190e-03,1.129700748720581377e-01,7.755764721935149743e-03,4.598116508952840124e-03
1.555869146052602237e-01,3.226721755522081458e-02,2.849482604995391688e-02,9.740767005592353839e-03,1.157602809035534509e-03,7.782654088406657390e-04,5.795955852439821192e-03,8.656475642984909347e-02,7.533691456622724353e-04,3.273294979378335318e-03
1.824649637909432076e-01,1.078389167064605116e-02,2.576260096086010337e-02,1.291680523116022980e-02,1.123438848451052728e-03,7.069138615374320929e-04,4.614158477556781594e-03,3.217488735680721496e-02,9.756269336937324101e-04,1.848348139106625529e-02
1.496260618568481526e-01,3.952713149474182397e-02,2.572349709883948315e-02,1.313524380370013900e-02,2.032142558682820295e-04,2.313987919163799749e-03,1.297891704948484371e-03,3.462830179081069493e-02,6.086318696177271496e-03,4.812767006662859587e-02
6.192514094158898391e-02,7.243379124147972248e-02,2.729206308688927884e-02,1.317868810201768860e-02,1.467078474523568358e-03,3.411833289475591901e-03,6.082323186123196872e-04,9.078722443447785617e-02,6.884263923313174889e-03,6.569620554886054786e-02
1.447129588747083154e-02,5.823956703789671951e-02,2.550035667357525987e-02,1.583986399692809133e-02,1.358263551582134096e-03,3.428031056403310628e-03,1.807476015187804870e-04,1.278705178846928359e-01,2.019898556098544823e-03,7.017472513253263100e-02
2.231045322566855768e-02,1.092933471649746267e-02,3.038172934703680522e-02,2.223424791593725872e-02,1.031598025008548101e-04,2.288096144220229389e-03,2.363387133399927169e-03,1.476496042779025797e-01,1.948575224255457219e-02,7.505778231222141883e-02
1.748279021270599670e-02,3.321051117866928581e-02,4.685940914805718227e-02,2.915937824940410469e-02,8.668086956089281507e-04,6.502833474870837929e-04,5.603080753626658340e-03,1.487432286998232323e-01,3.882656872105468004e-02,8.574921441885859086e-02
2.968296230643806613e-02,4.953632246423404772e-02,4.969816037147269105e-02,3.016706813673494109e-02,8.148370493333509943e-04,6.457820182343997940e-04,6.226104502383120014e-03,1.315895763874841695e-01,4.922692147010757080e-02,9.517243315190249131e-02
2.184561001156742205e-02,4.056851290923141340e-02,1.490795847117939478e-02,2.230146219736291874e-02,4.067054219475260625e-04,1.183050069325219120e-03,2.728812256206254727e-03,1.087740587049253332e-01,4.310286745510695516e-02,9.971406523972885239e-02
9.857812555457387549e-02,2.629433703686716306e-02,3.589500127918236749e-02,1.042538421452337064e-02,4.776905709023510169e-04,1.116134925079394127e-03,9.055065665787619209e-04,9.533373080708201774e-02,2.540700795678735302e-02,1.037218708256128497e-01
1.507600858039697678e-01,2.220016915239058156e-02,5.848230600801065937e-02,2.751598546261311423e-03,8.482271711846242103e-04,9.626141761219556524e-04,4.794341949695110129e-04,9.192955293338536671e-02,1.096146048177436966e-02,1.043294398847875309e-01
1.693606602409618023e-01,2.791053523146521526e-02,4.267232425428824083e-02,2.832559085553584301e-03,6.535297270690226335e-04,1.084251975408433545e-03,5.781182364690528805e-03,8.873122130109428740e-02,1.078469278334615207e-02,8.952561105388011364e-02
1.616029178017358570e-01,3.373437935236058699e-02,1.431959775535004975e-02,6.455024069823889037e-03,2.634668558050949367e-04,1.245938379415475420e-03,9.001415288570215056e-03,8.070092446673303443e-02,2.315313472679852297e-02,6.021367784909211623e-02
1.276588873156618564e-01,3.245500879168589092e-02,7.362981138239292622e-03,5.875147561089134191e-03,8.125472206664878473e-04,9.796588091798808743e-04,7.908251208175171368e-03,6.884585738087913021e-02,3.584212841391776899e-02,3.642416789054331999e-02
8.181844301063855018e-02,2.642587179518835275e-02,2.497446108491161235e-02,2.276240048347545272e-03,1.672498269228886003e-04,4.066352980370682496e-04,6.889053783531212151e-03,5.361143487384572442e-02,3.565422277196498430e-02,3.067133181892950713e-02
5.129443983902683135e-02,2.734301793553617355e-02,4.399051077518256053e-02,1.346553938559812841e-02,7.745781290383000608e-04,3.091069820470661626e-05,1.029853811688382845e-02,3.711622715193262090e-02,2.025542522770615306e-02,3.153905396332564587e-02
3.553718774636162314e-02,4.579468866973844532e-02,6.241821239859057097e-02,2.096907333045424163e-02,6.440866647799078654e-04,2.817418414025731695e-04,1.618794312760523518e-02,2.492030631781051372e-02,1.335901134045551801e-03,2.349959135125508775e-02
2.592949258557035799e-03,7.804014656426770669e-02,7.563418409546134036e-02,2.332358638104749596e-02,2.387103419153490031e-04,9.722938463856674405e-04,1.835581263559342771e-02,1.776387710602978648e-02,7.890331486770105554e-03,8.372817890681061304e-03
5.913437669577753519e-02,1.084176659798453679e-01,7.883499281475080112e-02,2.315091100567228874e-02,5.394427447880363689e-04,1.507418260787066373e-03,1.398018536186723323e-02,8.034212384286053277e-03,6.067941234140400084e-03,3.515688206714414135e-04
1.143550470960153498e-01,1.276366226543451943e-01,7.124066216266272678e-02,2.128863928531162658e-02,2.371542436047022195e-04,9.531357800526704888e-04,7.765968621191755850e-03,1.101981646458805551e-02,7.198388119398629881e-04,6.766784318331593370e-03
1.235566300080599145e-01,1.413192037050247929e-01,6.392220768934747666e-02,1.689377811311219835e-02,2.842561813789438031e-04,3.524812273873362029e-04,6.468674527095701066e-03,3.802349409467613989e-02,3.073873311976628529e-03,2.768270213423117826e-02
9.409224829532530920e-02,1.540090848425573478e-01,6.948977497955095839e-02,1.169952064560392593e-02,4.758546940896277340e-04,1.233561163118285795e-03,9.989141297957256083e-03,6.634523117598190023e-02,5.072045160726665336e-03,4.815800651533078125e-02
6.751340318822449116e-02,1.506127628349312464e-01,7.757609233035639429e-02,9.483848254888021731e-03,3.003511331648090320e-05,1.341560968704342107e-03,1.211784051704063898e-02,8.988543243877787636e-02,5.007863208307795910e-03,5.089544905758006804e-02
5.918699305105321051e-02,1.093003694920603175e-01,6.107913303347809603e-02,1.154326869284377256e-02,4.406441522746008246e-04,1.054717961728071684e-03,9.814354342222227079e-03,1.069355169807722078e-01,2.499717040318087669e-03,3.263619949108200607e-02
3.498340574211163123e-02,3.892737514240857816e-02,1.667017694358252991e-02,1.512487135355341204e-02,6.906687082537049194e-06,4.153405541257478820e-04,5.910617801472943522e-03,1.192199254459529040e-01,9.619817643242593646e-04,6.233440174949422818e-03
3.284140771555580512e-02,1.649951059222481628e-02,2.485677253065253153e-02,1.619100222619659218e-02,6.076540489688285647e-04,6.769695865195145181e-04,2.928028432998810906e-03,1.248674190004619988e-01,5.131049480885109017e-03,1.740447643418758031e-02
1.066602426021244776e-01,2.819084786989135838e-02,3.940941103709413862e-02,1.357583748396666568e-02,3.184798185417621872e-04,1.737877417050227120e-03,6.823739726270943232e-04,1.175382185707050386e-01,1.291664219418052657e-02,3.727684553091908937e-02
1.212420714491827672e-01,1.501979899279063876e-02,3.369219341639653753e-02,1.094428097707604054e-02,4.551720616641718683e-04,1.896079121257935067e-03,5.954971071904799698e-04,9.827369365575669424e-02,1.470297361789769421e-02,4.974267032950911022e-02
7.478551062779237313e-02,4.900309850879736723e-03,1.956903626934403811e-02,1.298217333629631681e-02,8.295240783776280588e-04,7.970964664262058857e-04,4.346794296028107804e-04,7.951616418532443664e-02,3.618706492136234288e-03,4.504300863971019003e-02
3.504539627127954693e-02,4.705167394557252872e-03,2.689233260262457494e-03,1.890938148597631069e-02,7.749377169438136266e-04,7.023172722359680804e-04,4.819841576363657377e-05,7.213616771083679324e-02,1.673723183405749493e-02,2.459828859452643790e-02
4.846643716021670212e-02,2.189586055328371361e-02,2.433313994413330641e-02,2.250420083429465271e-02,4.467852870981291235e-04,1.151717408770416189e-03,6.185692421152489849e-04,8.083687596698775624e-02,3.598636979172967210e-02,8.714100698555016580e-03
8.486035020739052248e-02,3.316203671925321839e-02,2.585849422623177907e-02,1.902256232238143732e-02,1.829572760845590265e-04,3.386820735340358287e-04,3.330945860493306470e-03,1.090741885855915777e-01,4.431917864284770636e-02,1.508314955308516156e-02
8.751351124652345659e-02,2.918802427115710363e-02,7.815371073339958882e-03,9.729969815708906442e-03,6.404823834882604049e-04,2.968035559580004456e-04,7.884914407671281961e-03,1.403218107365079292e-01,3.692365389296189959e-02,3.615540700190314483e-02
5.145546853036195994e-02,2.081544674164317529e-02,7.696050522463677643e-03,5.230461249593371413e-04,3.125117779655770672e-04,2.070299560171919104e-04,9.073220734702467163e-03,1.200956788665538955e-01,1.922043084971698790e-02,4.960366896752781835e-02
2.897130145581640337e-02,8.755777864083090847e-03,1.413739390971407647e-02,2.624808978888780106e-03,5.219744305424500264e-04,1.023156088869859931e-03,2.845127849300748465e-03,6.268521673472497377e-03,8.397411112635033703e-03,4.617714322103987079e-02
5.744979888191287243e-02,2.015384063553043656e-02,2.539365780809686723e-02,7.360330181514307488e-04,9.616547987152970723e-04,1.171937648963742619e-03,7.799584581810297020e-03,1.553895814508333417e-01,1.875970007118675856e-02,3.484843930339983492e-02
1.020440475745684056e-01,5.314601242789888935e-02,4.024592510405238660e-02,4.388371201270423357e-03,5.435398363140666114e-04,9.880600871982737985e-04,1.690862180697691106e-02,2.588725231863568954e-01,4.253010920623130631e-02,2.680082959908688944e-02
9.625370163257840339e-02,5.959227675412104991e-02,4.082587471211363006e-02,2.767886956411777684e-03,3.195699197085065803e-04,1.037722501668805926e-03,2.329977249161187952e-02,2.537932934210154201e-01,5.645377961186642118e-02,2.781191190298321764e-02
3.389848892725414592e-02,5.133540548807273562e-02,3.119980175023180993e-02,2.047143991148163509e-03,7.459204512219517981e-04,9.725226706155033112e-04,2.963254054492970441e-02,1.873138188694593864e-01,5.074410578027509916e-02,3.944473932416826117e-02
1.761140356282439243e-02,7.872697386911135797e-02,3.897360941789666106e-02,3.978634827993091615e-03,3.085420242013126946e-04,4.014692613394074184e-04,3.537244111515568806e-02,1.261026945703375146e-01,3.964073684207992249e-02,5.481435275642794480e-02
7.347382927877043821e-03,1.523179346611054641e-01,7.130527946950640517e-02,1.570953788858721334e-03,4.874040630302299993e-04,2.323950952797430934e-04,3.634291202898266848e-02,8.707418401658077733e-02,3.905299849175791066e-02,5.935129389328108740e-02
3.397073464830002720e-02,2.206404293200764088e-01,1.013136862016422862e-01,8.899115609653177744e-04,8.432071540024801536e-04,4.341993080133978492e-04,3.137954256839505657e-02,5.663054906502014429e-02,4.625772392198861799e-02,4.681718110027353191e-02
4.721471919941763046e-02,2.361979133855061086e-01,1.048971139531984231e-01,2.660918412960094036e-04,4.702915600273865665e-04,3.566526305788142621e-04,2.431833417228681377e-02,3.286633116434135859e-02,4.933662621786200769e-02,3.024337668357351266e-02
3.054190459700158178e-02,1.990091611451938192e-01,8.630934108286986151e-02,4.518256779567159966e-03,2.946817719918655952e-04,2.284795124753804022e-04,1.865951482442280984e-02,2.349908333376059949e-02,4.535296632556385515e-02,2.756712926496759919e-02
2.546859790649007999e-02,1.333624099060889134e-01,6.079008694636284238e-02,9.884075454678712194e-03,8.353290516383309787e-04,7.806564245759159437e-05,1.424940997463084412e-02,2.610373803189015504e-02,3.822887235664225447e-02,3.856747253584966173e-02
3.957136352394645396e-02,6.449084833310557430e-02,3.219544074174751636e-02,1.529964239550707893e-02,8.717189986800163472e-04,2.389761220549247714e-04,9.755696874856764622e-03,3.294084613703454623e-02,2.798601697522221793e-02,4.533085040714038283e-02
4.320527989242360645e-02,2.347306674023136308e-02,1.189964925018134091e-03,1.896425330230538941e-02,7.911188958411754894e-04,9.981398290171646960e-04,5.363589266987486143e-03,4.358744337072709141e-02,1.504599390969461187e-02,3.669394403646253355e-02
3.526082369990471421e-02,3.996089262480361642e-02,1.695655833758145589e-02,1.783094511652091180e-02,9.587044946873801449e-04,1.665259763435776065e-03,2.245924198320906843e-03,5.688169698773597877e-02,7.909595636576338684e-03,2.308930157663337604e-02
4.978896197623343400e-02,1.105336363644925241e-01,4.158090527161213690e-03,1.143595523044708788e-02,9.571125324605670457e-04,1.165499883324879566e-03,9.097276250434891201e-04,6.127601064697808103e-02,1.336090494621660490e-02,2.152947689199837672e-02
9.136632636481967218e-02,1.852401089964867964e-01,3.222836051166788618e-02,4.148727310730244110e-03,2.587944090433702635e-04,3.561846206374041576e-04,8.195584231800836020e-04,5.028551837366269928e-02,2.416799130998658826e-02,3.250593346754480223e-02
1.163689635903968206e-01,2.051066205016615906e-01,6.282205195083338800e-02,1.180829389206653444e-03,5.985805119209875120e-04,1.463617414601029896e-03,1.168465392183569082e-03,3.835605951169722416e-02,2.712903980802939055e-02,4.044711114923726925e-02
9.514384580122581259e-02,1.601822295882965597e-01,6.856279861097550055e-02,3.587565145479377268e-03,5.241663870532893305e-04,1.130127628530996648e-03,1.233727958150937281e-03,4.287886610693177059e-02,1.850204234695532884e-02,3.399763250419266664e-02
5.728214210141222007e-02,9.931356926060135037e-02,5.318643282426686186e-02,8.276015512596825510e-03,4.184041896838008260e-04,2.463934302189839430e-05,2.512042699537894545e-05,5.840816430582707747e-02,4.340676691600580533e-03,1.764997597991201095e-02
5.073230834060774713e-02,7.262218572296953722e-02,2.846544528072064706e-02,1.126422497390157720e-02,9.356910826555947134e-04,3.037800574785109054e-04,3.276999459876401774e-03,6.625893438442129191e-02,8.080924420876834866e-03,4.257277585844754068e-03
7.338656840640830903e-02,7.777421090005455506e-02,4.883379812333655395e-03,1.048009652726891901e-02,4.074654946891623306e-04,4.547728174790801312e-04,7.914145467345087143e-03,5.941269510979301643e-02,1.364734750590857089e-02,1.399662976923915329e-03
7.495935327784421232e-02,7.964846216835615167e-02,8.395526777522283046e-03,7.107137686254609912e-03,3.448217157801203802e-04,9.673008514726166287e-04,1.144369721092859497e-02,4.048042534344061666e-02,1.076077232417194801e-02,5.494457312471206362e-03
2.694028651084210205e-02,6.651970816386357233e-02,8.581766345383913530e-03,4.497468832974690217e-03,5.638078489582049957e-04,4.616068942248068713e-04,1.203174445335032823e-02,8.472885807214239340e-03,3.868997287594618147e-03,7.545595466509804304e-03
3.689128216637126839e-02,5.686578938248674359e-02,1.078010209029019693e-03,4.838240750226523862e-03,4.776558668159987600e-04,1.261120515265423659e-04,1.041180599574970979e-02,3.256099550912494589e-02,1.345499493924985114e-04,2.867903205591580858e-03
6.078288752603883821e-02,5.707582976077301556e-02,7.277873931935324725e-03,7.127520892798603312e-03,3.236337437989888544e-04,3.279379266735777987e-05,8.582275638676081092e-03,6.363746356873510590e-02,1.955182561212224883e-03,5.714295516076184703e-03
2.773040768956185065e-02,4.649293211515902885e-02,1.058191915040462491e-02,8.697728498859764318e-03,1.717103880543065372e-04,4.011764033718370672e-04,7.131538659661422475e-03,6.859645541109365974e-02,6.581794122953909393e-03,1.123497377807979383e-02
3.259894323432260821e-02,1.304624158745355464e-02,3.070340495696360656e-03,7.818528313001244651e-03,9.128363778056691139e-04,2.387429484704001322e-04,5.034576723645126269e-03,5.443931341927220335e-02,1.170775195843488936e-02,7.905355025837078331e-03
7.944290879544659012e-02,2.261633036547073400e-02,1.531107812231877890e-02,4.456833494369353069e-03,1.163255059126796316e-03,4.442468167768703425e-04,1.593050697418302514e-03,4.220743698149906353e-02,1.615527743082788292e-02,2.704530591087096932e-03
8.778639847519348338e-02,3.553770777067769004e-02,3.704066968056840548e-02,3.578272273295146026e-04,6.440641171769849850e-04,1.162394121463441055e-03,2.299469145573715140e-03,4.582450994127609117e-02,1.702492638599303887e-02,1.007861429097699386e-02
4.984323168397954140e-02,3.203413207046559852e-02,5.556797288720908418e-02,4.811420356754342494e-03,1.386473906159204033e-04,1.350579581505555703e-03,4.488241909493624962e-03,6.672683432977569162e-02,1.221728442039276760e-02,4.124405904536099926e-03
2.819652902035458056e-02,3.855705232898519463e-02,6.929150734485600704e-02,6.570779726883213025e-03,3.397343157583890098e-04,9.336866975457763264e-04,3.358412083438121285e-03,9.657552178486217276e-02,4.797384917870672720e-03,1.308856900247566332e-02
1.197431015992210385e-01,6.607093306224899598e-02,7.565451794632815918e-02,4.573495529211777169e-03,6.903435853133840783e-04,4.741021893418189792e-04,1.286440561841418898e-04,1.155425572301167908e-01,3.174832943000292481e-04,2.903476094253538975e-02
1.765748293506426703e-01,1.010866202112334911e-01,6.988528577017266707e-02,8.468189779346668895e-04,3.353677354384335574e-04,1.495050242832557711e-04,1.422043368953486257e-03,9.962851621787599532e-02,7.136871976041385228e-04,3.411693788831834939e-02
1.575708620310768415e-01,1.234838793605493867e-01,5.220630272070240357e-02,1.297915540344410021e-03,4.099897916399447128e-04,4.783321628824595143e-04,1.364595644613482515e-03,4.308145603268950102e-02,3.911824952428144542e-03,2.834305024925361585e-02
7.140086694489558572e-02,1.218745583027489726e-01,2.985526624093418416e-02,1.274427435788817644e-03,6.917296128467128073e-04,1.110418134976901136e-03,7.274008812921534117e-03,3.000910378669343834e-02,8.682638176507309971e-03,1.502543042669160500e-02
2.332145929026881170e-02,9.872314088346166583e-02,9.094026892837652615e-03,1.198268104974439894e-03,5.007495902635035337e-04,6.351830784410054205e-04,1.260897627991085235e-02,8.440816851433899370e-02,1.678161717697485358e-02,4.078528253845647294e-03
7.163243035511428214e-02,6.824716412179250569e-02,9.444625140301417948e-03,1.689007892352019282e-03,3.889381597765692762e-04,9.657776809440056292e-04,1.450976393458574404e-02,1.021058202211838073e-01,2.831116020815221263e-02,2.435332044202423440e-02
6.484620300180056474e-02,4.596038394866441140e-02,2.398411997982965310e-02,1.049796605029075210e-03,4.843164702167893228e-04,2.015177045253444595e-03,1.292703070556917334e-02,8.875178363735712617e-02,3.721326133531575181e-02,3.654933422178129748e-02
2.780651192141154332e-02,3.827584316526511099e-02,2.624969445236529503e-02,6.760654913987675964e-04,5.454862188230441859e-04,1.162669208703707166e-03,9.896056246029591094e-03,5.917795213841847007e-02,3.673678415271306591e-02,3.493359009602330784e-02
1.506942356487470623e-02,4.218451398445824396e-02,1.019092242304617604e-02,8.620272866472279997e-04,5.063861612277794451e-04,7.172640375990373910e-04,6.801030893169837145e-03,2.646062381833010763e-02,2.950856619594981883e-02,2.365458094003403122e-02
5.176948572671758592e-02,4.969374219131905690e-02,1.621338749886607269e-02,1.283212307342528752e-03,4.877107322807062648e-04,1.406507521614052065e-03,3.066301268446601329e-03,1.134543004229644422e-03,2.635884909933365605e-02,1.137757632674422058e-02
7.663045486914052407e-02,5.229441488767026802e-02,3.638000948745146595e-02,3.308612217525954118e-03,5.196975677773319402e-04,1.766631550164051746e-04,1.752843656534921937e-03,1.201060997142048073e-02,3.393946450302464529e-02,2.436582969765542245e-03
8.615646474078543504e-02,4.945273787572588425e-02,4.463158317244392270e-02,3.458808863945151378e-03,5.254853595510157113e-04,1.151610947834355450e-03,6.198585992055993289e-03,1.902034861655734280e-02,4.766618236928720637e-02,3.698872633274963902e-03
8.239289976368656399e-02,5.197626601594539097e-02,5.143749403144894095e-02,2.704384352245283504e-03,4.943444766036944127e-04,8.592861381543678411e-04,8.633312369295664118e-03,3.121851663581661981e-02,5.777213569268865173e-02,7.542017449490386570e-03
7.783807303070502948e-02,6.709409880983004115e-02,6.270126274669222954e-02,2.505193679502466624e-03,5.067794662951684466e-04,1.664954960843264609e-04,9.284990473508791115e-03,5.161739694718417426e-02,6.022348739081069546e-02,9.127820896401031558e-03
8.924850044139458205e-02,8.309703277691517231e-02,6.453618334775042265e-02,2.997941124561197355e-03,5.609345558639975381e-04,3.083558203857653004e-04,9.368868849461864379e-03,6.979287250141373578e-02,6.055271043193357489e-02,1.091502655757372979e-02
1.184325071688790698e-01,8.145647194855233642e-02,4.230542519698226450e-02,3.284678958279253769e-03,5.238414600058565818e-04,6.444885622789020140e-06,9.515743218587618610e-03,7.207106161099935404e-02,6.550412041410559605e-02,1.614460500187316419e-02
1.419792282415259510e-01,6.204876708786592754e-02,6.696355071731408329e-03,2.288409713314023229e-03,4.093402054046965145e-04,2.702201010850261982e-04,9.965062041574759485e-03,5.600912342804452437e-02,7.169088269420748061e-02,2.458363156173715841e-02
1.297927984896815323e-01,4.287086992423705389e-02,1.668154997386820521e-02,1.524709190770759826e-05,4.867599591971816632e-04,2.865847630369622204e-04,1.095109618654585039e-02,3.292125502868716025e-02,6.895000235135130551e-02,3.366336321279438798e-02
7.884028837403989076e-02,3.569822406640525692e-02,1.984716231004642062e-02,1.998529404544137529e-03,7.368941359798417351e-04,8.403247440875860749e-04,1.198278028076958136e-02,1.534884935869657366e-02,5.716096347968165764e-02,4.249216332094179344e-02
2.359721225231958819e-02,3.514342965182699896e-02,1.759958759099309808e-02,2.152796249092051896e-03,5.502381951766245225e-04,1.850959429910818427e-03,1.180461228771900913e-02,6.001858837638730619e-03,4.834418263783165498e-02,5.076827354212778975e-02
2.825429709574557927e-03,3.189375584636696542e-02,2.175856141296788476e-02,1.058558499209386310e-03,2.984967395365682513e-04,1.222362434227371999e-03,9.907754099304092246e-03,2.935356786797898611e-03,4.369551234685906810e-02,5.636894594340302600e-02
1.656299310078902798e-02,2.531294522954122272e-02,2.639632643322795125e-02,2.579331911004356182e-04,8.467514129052492421e-04,3.396621278502968250e-04,7.393918007748730668e-03,8.497101029010935974e-03,2.311273066682270269e-02,5.878305324338565369e-02
3.016028957813717687e-02,2.164942214151502342e-02,2.011182837737402265e-02,2.038382180791659001e-05,2.339162435066033646e-04,1.165309721632687206e-03,5.707779848999835343e-03,2.336377064370480719e-02,2.579869762873298819e-02,6.097627135126607034e-02
2.197668834824136053e-02,2.628339641026927048e-02,1.356841479416062528e-03,2.561137859645061304e-04,7.208285243235275927e-04,1.030606372942731051e-03,4.985800814430825165e-03,3.776288686211919099e-02,8.079904495272763332e-02,6.277590825731479973e-02
7.626221968012297792e-03,3.741882274775647915e-02,1.946294052960331755e-02,3.228085949521216974e-04,6.264105722383957620e-04,8.253730344849124437e-04,4.260946552723210781e-03,3.989762744771214314e-02,1.072684601837533835e-01,5.839614335614013579e-02
1.325935825477001818e-02,4.567499428406195106e-02,2.691487016125587023e-02,4.898325883883855895e-04,2.731947858465338832e-04,8.646925585896968712e-04,3.087229622096845753e-03,2.884522017396067353e-02,9.785355268897441561e-02,4.549317306441981457e-02
4.540086735558068742e-02,4.346310573414878531e-02,1.218308177234967392e-02,1.534412287877516068e-03,6.188868076899061918e-04,8.597037611044398538e-04,2.232551227425156552e-03,1.119399880472535420e-02,7.132578455155150210e-02,2.833892878216183117e-02
9.067812874071705387e-02,3.454350553540499330e-02,1.803171001980756472e-02,1.445972024723550693e-03,2.691922005170439077e-04,8.767586077112888947e-04,2.403683071119674594e-03,9.253010849170024976e-03,4.269957436381310173e-02,8.257783798796131114e-03
1.264387221692336583e-01,2.923900708653832253e-02,4.677428725704898399e-02,6.018856731441231530e-04,2.157843939958358544e-04,1.086104576751340325e-03,2.921841708940000129e-03,3.153645594417172487e-02,1.475378933663273537e-02,1.753961838307344437e-02
1.292808834164601572e-01,3.172996485624194479e-02,6.098050489440116212e-02,8.577500845689786700e-04,4.936425709370570458e-04,9.924537459786023693e-04,2.549596750831772084e-03,5.229633740872507985e-02,8.990420494502375515e-03,4.447006306815091958e-02
8.827666343163277640e-02,3.751787139199160015e-02,5.756389437148441007e-02,2.464656818854905722e-03,2.560173487066958820e-04,1.250664290252045886e-04,1.265634505837344090e-03,6.681114967813638061e-02,2.331253513517531073e-02,6.094598296924216146e-02
1.607283067774222668e-02,4.012819427588711074e-02,3.984758772442974911e-02,3.626248391135393923e-03,4.322017628662480409e-04,8.931823133898839908e-04,2.610662542853616581e-04,7.446881736450716716e-02,3.099413581950583030e-02,6.290869560730320831e-02
5.559723969115248216e-02,3.415523170708072154e-02,1.494038768418152509e-02,3.434440362794248178e-03,7.738584285132673940e-04,1.152240700907899117e-03,3.349094707004261068e-04,7.939350628967782597e-02,4.004999949947233434e-02,5.698545338428112617e-02
9.678336516628904818e-02,1.623803345753863786e-02,7.170896076751353924e-03,2.813425422727132419e-03,6.609960672008635381e-04,7.298958620386126290e-04,9.651119411728364397e-04,8.321959152126277848e-02,5.384333990869238917e-02,4.902671947296322053e-02
1.021275996038622513e-01,9.682740264680727432e-03,1.909005809421742902e-02,2.521984251500649418e-03,5.210402123576126808e-04,1.446727668468168813e-04,1.099453989800015189e-03,7.961421066068427588e-02,7.126134567745623372e-02,3.915378171179405287e-02
8.992513719345876511e-02,3.115987024891662960e-02,2.238254833983002040e-02,2.474241957199713876e-03,4.887587723322770698e-04,4.444619557254040352e-04,5.603881143457800119e-04,6.245901794085387260e-02,8.916126121535571103e-02,2.768293712148051089e-02
7.432169517036929518e-02,3.694370316747403599e-02,2.480676295898989747e-02,2.716076112236078498e-03,5.883389242834397058e-04,7.687687322079632835e-04,1.680591079924911684e-05,3.959550883865678439e-02,9.713423546548920207e-02,1.799379880221715217e-02
4.916786378578114763e-02,2.681221845265342393e-02,3.003554261331570913e-02,3.228816050877108754e-03,8.512886984627979735e-04,4.282228793936229379e-04,3.210144360604452393e-04,2.803187630647801382e-02,7.961416531456280699e-02,1.233264662353834688e-02
6.832848381680869075e-03,1.023577353602802414e-02,3.383906443986618023e-02,3.417446480032411155e-03,8.016146888381115235e-04,3.203894333678225016e-04,7.362277869523231816e-04,3.141593519305162230e-02,3.410212782254978814e-02,9.306494427654698337e-03
4.058434394950304752e-02,2.701063701762459850e-03,3.239420425553186239e-02,3.121037317022724595e-03,9.330848985381432631e-05,7.364863991593201351e-04,9.023663751314260715e-04,3.383816200797677698e-02,1.758537500622505551e-02,6.889901770967432615e-03
7.068065077439802946e-02,7.911347791585405728e-03,2.958358165568302986e-02,3.167095488232421052e-03,1.228064856908538983e-03,4.570418033096464942e-04,2.781366375143998399e-04,2.137974325311846335e-02,4.516949949882460152e-02,4.924781810977905960e-03
7.331574605824961455e-02,6.135267956819848850e-03,3.110927392862928090e-02,3.873080515020521555e-03,1.391378862125727551e-03,2.930218402971189679e-04,7.552246143978527757e-04,1.692355078127937267e-03,3.812808109452744953e-02,3.416812728044848341e-03
5.444222105533929462e-02,1.066247739445603041e-03,3.539447850400104234e-02,4.177888386559558062e-03,6.150318564071112840e-04,9.611673738664836377e-04,1.448935498868173270e-03,2.229425337023433276e-02,1.684826314095889607e-02,1.284703168962354628e-03
2.379209475286191144e-02,1.051312270207254915e-02,3.769523102839792555e-02,3.366350569619277686e-03,1.753225032640724507e-04,1.002134711143222445e-03,1.724638410434830779e-03,3.318893092373060433e-02,1.351533293472021585e-02,1.836966611002815823e-03
1.174527023011114925e-02,1.612676795667665475e-02,4.009521508252494176e-02,2.412530693086696945e-03,6.493656804158470927e-04,3.151051713446492838e-04,1.898800838405416023e-03,3.526645018953705746e-02,3.843635076528372635e-02,5.072590764553474435e-03
4.549787317956850707e-02,1.423459215808674412e-02,4.614150376538318776e-02,2.446033757140593512e-03,1.194041702641203753e-03,5.683500014136311663e-04,2.259675767692313417e-03,3.374762496319327204e-02,6.921896665234589241e-02,8.146710361778101983e-03
6.913120818886589469e-02,7.301827688573623784e-03,4.542408391301887977e-02,3.072463859345409172e-03,1.055202347688511972e-03,8.311688679774109417e-04,3.097736069256517427e-03,3.508914164076429310e-02,7.944282052625976920e-02,1.127441597063237079e-02
7.327311607149622485e-02,8.770989242810006779e-04,1.903940931911432544e-02,3.165818533207733106e-03,7.045394739889409902e-04,1.876938998869567604e-04,4.183729724445441750e-03,4.337228505784790356e-02,6.975148239718047261e-02,1.334366925036360729e-02
5.111106155618328623e-02,8.170924246971467131e-03,3.298833942226254978e-02,2.343575731491443891e-03,8.459194795108714287e-04,4.723149644733398884e-04,4.558805328011196305e-03,5.759912211625457107e-02,5.936945254415013085e-02,1.290213586993420140e-02
9.706055503255678341e-03,1.111967763232700815e-02,8.434860538881551462e-02,1.153596375007767899e-03,1.190473798331298906e-03,2.547869883982211686e-06,3.848941204493739037e-03,7.271331549547237205e-02,5.546246582622012256e-02,1.090571582448631761e-02
2.259872385790826638e-02,7.496013381578721033e-03,1.102131553806806469e-01,4.015247322317540713e-04,9.569119991796556403e-04,1.117747492532006380e-03,3.142099595907458555e-03,8.307941773543257857e-02,4.560574104802565115e-02,9.876143307038129718e-03
1.500705492100906820e-02,2.601098711395875406e-03,1.089845791017117899e-01,4.164859892813655611e-04,9.776603161662636215e-05,1.213993495313971495e-03,3.355973923466661589e-03,8.561708152614555534e-02,1.889444580696979931e-02,1.020951627519268122e-02
3.284506075335983516e-02,3.236761168210071198e-03,9.221037648970650813e-02,8.444888177851554668e-04,4.225219947951802885e-04,3.941854962061122451e-05,3.002923711845989496e-03,8.049785662135439113e-02,1.419100116708341131e-02,9.804551371047603991e-03
8.817815028187629689e-02,5.114366299432081958e-03,6.890372123740877430e-02,1.043691279837577392e-03,1.796879949309915865e-04,9.349761229397056308e-04,8.642190787468647696e-04,6.963828354005904830e-02,2.715795834068165937e-02,7.410678062523676744e-03
1.193364390912275697e-01,2.795760054171741744e-03,4.549723137958033847e-02,4.469865113376106738e-04,1.127944147041148870e-03,9.859797716949532734e-04,8.389053463126348517e-03,5.634898706164286064e-02,5.552234178420861060e-03,3.931753938479519428e-03
1.210407137896489377e-01,2.046712813562879402e-02,2.798040273572077741e-02,9.442002231128255978e-04,1.054203850229868365e-03,7.962693568426148670e-04,1.515426720271383955e-02,4.596857869390246626e-02,3.333754349319802829e-02,6.079097234537370314e-04
1.049158752428771962e-01,3.446619940486768396e-02,1.717419553247193087e-02,2.118583871223690684e-03,2.125434882012272619e-04,6.907120560470457037e-04,1.716393681957336867e-02,4.272341455442393160e-02,5.605756133351107173e-02,1.706504478439907664e-03
8.051634902272256089e-02,3.514135454666375558e-02,8.301636653532201704e-03,2.189092880630577262e-03,1.474510767429864451e-04,2.071878664709703925e-04,1.595523970971877287e-02,4.517947893393950420e-02,4.629164121662392162e-02,1.788652746676937678e-03
5.139535502217659757e-02,2.607136548397842937e-02,2.090441887732216904e-03,1.918402580438358877e-03,4.137938400293909099e-05,5.635939229635140296e-04,1.518341369997864600e-02,4.840596772092589650e-02,1.737952337816082299e-02,1.219484049549057194e-03
2.050896955941922811e-02,1.459568164958092301e-02,1.297416012395504435e-02,2.483191823634894706e-03,1.746682173149657208e-04,8.025445506405421477e-04,1.405045069018492562e-02,5.057077333186137807e-02,4.163760017498960471e-03,6.485033714712898530e-03
7.965749673608607528e-03,2.758990723366725253e-03,2.197055108937918250e-02,3.274220568017236540e-03,2.947829742460452178e-04,3.179961448441144816e-04,8.991716708677816375e-03,5.431967339031383568e-02,2.474271756348437983e-03,1.222073710970930822e-02
3.146762738658362424e-02,9.063659084360384949e-03,2.714056019957276217e-02,2.884108792805172451e-03,3.125851651438118096e-04,7.491273850920729610e-05,6.889369433692776792e-04,6.202046839468819406e-02,1.834955027898405033e-02,1.706106738561999001e-02
5.018467173124641773e-02,1.727702663195206101e-02,2.673165756136991825e-02,1.464266365360250392e-03,1.570340591502557802e-04,7.893466784045280709e-05,5.769228074279000862e-03,7.027566139923319133e-02,4.354586800242499223e-02,1.975521514233712778e-02
6.471862155860400034e-02,1.747141558428830233e-02,2.090506321993900948e-02,3.318405595524218880e-04,5.412990207754655178e-04,2.065871833517992035e-04,7.612100086945626162e-03,6.829066029161572071e-02,6.015665283214792491e-02,1.891692120546958206e-02
7.475714307316512486e-02,7.676081927004375569e-03,1.313706328273496829e-02,1.437543005518805630e-04,6.855366049826168093e-05,2.582023879276479773e-05,7.014125753145162949e-03,4.605555000011789246e-02,6.137740719923884258e-02,1.490356278128766344e-02
7.928936944519489327e-02,1.054558015296377937e-02,8.107695249327509859e-03,6.122558642873312910e-04,5.444088313023993366e-04,1.228621051842312560e-04,6.844818010662773525e-03,8.495958146889533158e-03,5.038611145963368260e-02,1.101006432436988161e-02
7.603951596523676748e-02,3.031862423233508408e-02,8.306771251824145857e-03,1.078592874682218327e-03,2.257652772209917992e-04,4.531921457773621805e-04,7.387806717662433187e-03,2.489180220743524713e-02,4.196099543383285946e-02,1.036282791163463911e-02
6.386031375099021634e-02,4.193259148234530082e-02,1.215672011876825845e-02,9.846117029740182255e-04,5.910936917218603467e-04,8.246537657843849400e-05,7.813953547943473799e-03,3.982209157087565621e-02,4.710739388438829611e-02,1.180267142790436020e-02
4.805238219712783254e-02,4.225580344048703724e-02,1.531965306536455657e-02,5.470164230052119081e-04,8.963904094416166261e-04,8.536287453247653860e-04,8.061466456366532876e-03,3.872126328534118700e-02,5.592560630652417680e-02,1.129851467835222938e-02
3.709321004833887603e-02,3.847582652784239249e-02,1.544130585199767793e-02,4.380190775082037891e-04,6.911366374052649265e-04,9.246232229290642741e-04,8.326347881647870597e-03,2.923604730059693735e-02,5.050150838887606380e-02,7.271639438402117440e-03
3.012368080210325177e-02,3.773465373145642315e-02,1.488466939099678844e-02,4.365684882637011432e-04,5.149037918735613383e-04,1.518627343749693410e-04,8.525817888351367932e-03,1.448795899036100718e-02,3.190236020818616042e-02,1.943608140091819102e-03
1.541581106178841615e-02,3.721947436845719770e-02,1.653908066842726954e-02,1.967183582263608700e-04,5.336524128883374718e-04,7.426021435193926349e-04,9.005790890312146552e-03,8.901401413126111203e-04,1.693406877328435672e-02,2.093858344689131928e-03
1.401371337397697321e-02,3.193366875857745618e-02,1.874350634413254890e-02,1.035317283154629526e-03,7.050693317248196050e-04,8.440116098696459753e-05,1.031089912874273880e-02,9.688021608438590095e-04,1.032588698072763912e-02,3.897983634862642321e-03
5.162933837907609375e-02,2.898999923840595710e-02,1.713774457515002819e-02,9.719703711753339102e-04,8.732771502525197302e-04,8.798378407850052704e-04,1.146580342767319731e-02,1.825648969087804996e-02,1.278180097655313811e-03,3.565828018341050086e-03
8.707075837504728300e-02,4.153518309948754650e-02,9.514345749231392646e-03,1.517055164844092487e-04,6.090742117507020725e-04,1.245316245726321833e-04,9.897353103566779511e-03,3.965957779881935236e-02,2.464023680446364092e-02,2.374046180222663064e-03
1.142231538885300351e-01,6.696133643682380954e-02,2.982282007031706542e-03,1.227585793145841977e-04,1.243013055153494300e-04,1.268708722291853400e-03,4.532095069809291034e-03,5.101559262746063750e-02,4.528274133639895171e-02,2.690301994316771691e-03
1.280991306275528763e-01,8.516210890638252484e-02,1.646973559155786790e-02,6.928131028071522453e-04,5.239208250987863712e-04,1.497214214651364575e-03,1.945339882763785170e-03,5.275766819278750880e-02,4.733898300481086813e-02,5.292908444984059831e-03
1.258674775887720643e-01,8.255000901397992197e-02,2.523595850706484081e-02,1.520792396386413687e-03,8.664523731578350129e-05,6.767825597843580947e-04,5.950650937942968989e-03,5.499744715559527070e-02,3.698272551704737121e-02,7.584862092659973819e-03
1.150126463701726109e-01,6.533318040344568423e-02,2.575619947008822921e-02,1.127928279046953343e-03,5.865061206898503510e-04,2.893692157973818497e-04,7.377285824072819451e-03,6.272574618819530545e-02,3.126530986615107255e-02,6.649895002049807657e-03
1.117437290606628775e-01,4.639659397673224356e-02,2.004433889761494600e-02,3.893875865806158305e-05,8.917080564457586112e-04,6.961917668510654795e-04,8.383247384218776507e-03,7.095532845351237849e-02,3.161613645613881030e-02,3.575597584908006381e-03
1.245876556952939113e-01,3.091236601231686643e-02,1.230461531832309670e-02,1.273704536830902771e-04,9.348487339953594514e-04,8.246525046818564643e-04,8.800721788782911448e-03,7.351400537781312139e-02,2.745871880142177618e-02,2.614573032850850322e-03
1.418337642314844993e-01,1.716973899621636324e-02,4.372376343174826097e-03,9.296432861908554817e-04,6.796353456171494228e-04,2.399667005450093374e-05,6.492688566233767271e-03,7.088218351179814691e-02,2.042339755430280096e-02,5.720915788390235936e-03
1.417891221609851315e-01,2.626491248507432409e-03,2.880777985103507178e-03,1.974887608181859298e-03,6.138174197639250436e-05,9.043678966316419767e-04,1.494395938122550487e-03,6.487569827290319557e-02,2.339410735557097970e-02,9.902968835824255134e-03
1.161649614452531926e-01,1.262639553329357803e-02,7.374861931393464007e-03,2.114579182842145182e-03,5.942817880808601164e-04,8.083269959379166085e-04,3.770659853180539228e-03,5.256434186961268795e-02,3.801392020933427873e-02,1.125943713376253465e-02
7.677348776266411379e-02,2.380809670756046936e-02,8.371037325100274401e-03,1.423684953805690826e-03,2.311983397877932572e-05,1.733410565401481663e-04,7.248382796252898080e-03,3.558999577464561775e-02,5.276084645196324474e-02,9.776715214825988653e-03
3.895153793318338609e-02,2.382852980251476405e-02,8.175158854759457736e-03,4.030465609099689742e-04,1.002157668985522408e-03,7.275879909800329762e-04,7.469665897275008098e-03,2.871577712177128885e-02,6.099927564921017037e-02,8.095889641199014233e-03
7.407218386599231062e-03,1.101900625466118756e-02,8.951260367471323282e-03,1.553706279257740109e-04,9.463095876371233105e-04,1.704126547549810215e-04,3.305061069840494695e-03,4.448938545749956536e-02,6.337517832456912581e-02,7.298091858093801350e-03
1.962100292914497474e-02,7.120231501323457009e-03,1.016573810085662048e-02,2.222724773633383136e-04,1.295359569166795884e-04,6.926067800634204494e-04,3.824955586870614280e-03,7.294967289499511287e-02,5.668650195914466672e-02,6.476386519528129493e-03
