5.164804606795346878e-03,3.918125391273315564e-03,1.111427867265584986e-03,7.697885826338606279e-04,2.214704158578672719e-04,7.974137926810365498e-04,3.293509128254013679e-02,1.174829883349357701e-02,8.402394103541563006e-03,2.566831283045530260e-04
3.941351198741493804e-03,4.395789953407923563e-03,9.737379742222956273e-04,3.528503090518030137e-04,5.700475455032578661e-04,9.124463513727100331e-04,4.488035244586583566e-02,1.353084852320453682e-02,1.547992658424188379e-02,4.012588176252738408e-04
1.918167692930269940e-03,1.055446975001933171e-03,8.908105897726389466e-04,3.633516874739090019e-04,1.060856701210999200e-03,8.963629232079263877e-04,5.156697430810590344e-02,1.836114063831215462e-02,1.424229195538348480e-02,6.098190612731259471e-04
2.022434672501628207e-03,3.812813292965409710e-03,7.697640820001549686e-04,5.104183040307333193e-04,6.099119365053945908e-04,8.484634196568915238e-04,5.562040618266740621e-02,2.280593264725990291e-02,4.285458033304601934e-03,8.958457896057662280e-04
5.428378925218766381e-03,5.761237755752547131e-03,6.665185197077475986e-04,2.129929439963169978e-04,1.562681076993709486e-04,7.916802400005849534e-04,5.552882516553516584e-02,2.074563522765543108e-02,5.733544207061310946e-03,1.200375477129621456e-03
4.259906002520780395e-03,5.061343586560703919e-03,7.181233640827445119e-04,3.594778571185512921e-05,3.635158355839899851e-04,6.793530892569080160e-04,4.637872054450680598e-02,1.170948470958188721e-02,7.405859226870347908e-03,1.507173653802351340e-03
1.706781336063856744e-03,4.731754024226809269e-03,7.935038140020855531e-04,4.925186021979426786e-05,1.110289490454308061e-04,5.006830734417792731e-04,2.712734212668813094e-02,1.341060091864091025e-03,5.608896883065041597e-03,1.838635549096082544e-03
8.182846588713967029e-03,3.879239018421812291e-03,6.022358722409059230e-04,1.189959929043608573e-05,2.781591126075940031e-05,2.783785878838036733e-04,3.545529690955292502e-03,7.123805047439278615e-03,1.206532664423649696e-02,2.192233469789922271e-03
1.127891147658591567e-02,9.739143534853589713e-05,1.993960546004293344e-04,1.134375834085808634e-04,6.800474999221246689e-05,2.176019202351729405e-05,1.577355882807743304e-02,1.509170379186965984e-02,2.605350055744315441e-02,2.535220558782799033e-03
1.139933709167297200e-02,5.246507612693390894e-03,1.677894204223291685e-04,2.128788352708476360e-04,1.368597932924546198e-04,2.717455794236381872e-04,2.771613776730656384e-02,2.237343900631074203e-02,3.363779471582633435e-02,2.855392069772265656e-03
1.135494015681335830e-02,7.513816264832625866e-03,5.594276141199590238e-04,2.648454792255597779e-04,2.772310978887560770e-05,6.001952328684533435e-04,3.752944901027361474e-02,2.582372638140818799e-02,2.757375163445288657e-02,3.179319816742398001e-03
1.190846368147058763e-02,6.933521452151156575e-03,8.774976439946989082e-04,3.198911206819308561e-04,1.088159903400267084e-04,9.601805686344081544e-04,5.068963271350192951e-02,2.490906125171507557e-02,1.623837751118400660e-02,3.505078459810959286e-03
1.129683176980927385e-02,6.435308400666970782e-03,4.556173667739142033e-04,3.864850661542362201e-04,9.021906996058721764e-06,1.343186942053877951e-03,6.477469505996422128e-02,2.293343286014756788e-02,9.669104580519458439e-03,3.760305887789278968e-03
9.124176935342696859e-03,6.863806455267664787e-03,8.447664161956470064e-04,4.390523590684879932e-04,2.096085637150350085e-04,1.728922645444326599e-03,7.442619778587794555e-02,2.252628525449849525e-02,6.608337834355534901e-03,3.926606916352046346e-03
8.001872168377666128e-03,6.922758186298311189e-03,2.011054324573213758e-03,4.715983312519655751e-04,2.689970530658794898e-05,2.111710316108971613e-03,8.193667202834759022e-02,2.390577648693118645e-02,1.291545131361359353e-04,4.133579463974542886e-03
9.747940163384869947e-03,6.447149241372244349e-03,2.323207821043251492e-03,4.946433106409110119e-04,8.223110023323357623e-04,2.516380242587896304e-03,9.347698570538991170e-02,2.615945777114070045e-02,1.065174479159828290e-02,4.404773716350317454e-03
1.232437487810635231e-02,6.573232438942122266e-03,2.358752793208619431e-03,5.101098612438595588e-04,1.299219894392339598e-03,2.934289190371001162e-03,1.045639012227052578e-01,2.746151280935341110e-02,2.010699747817492472e-02,4.450111607543734589e-03
1.308093106479830611e-02,6.855895710746752990e-03,2.789134117534987790e-03,5.124765526263211054e-04,8.192060436468774024e-04,3.287944394644168582e-03,1.045815314483913711e-01,2.727680108828619762e-02,2.421551770637328863e-02,4.201629526459410048e-03
1.302576612312223402e-02,4.991289391026172695e-03,3.252641063454429337e-03,5.005672524020888603e-04,2.790062432767636343e-05,3.571280907745858543e-03,9.976193867262296566e-02,2.956220182886801565e-02,2.440844470179784342e-02,4.283210220624094483e-03
1.428728493487284312e-02,7.693732275320783100e-04,3.296054240060944732e-03,4.771615983925045815e-04,1.858444190511064013e-04,3.929615563909473822e-03,1.096203190565425839e-01,3.737386902288446222e-02,2.420486195364349169e-02,4.844773413914813150e-03
1.468051499509046877e-02,1.999097074252884250e-03,3.577112411412341174e-03,4.434668271012648095e-04,4.385322705739826208e-05,4.360777214122430433e-03,1.313276133608538010e-01,4.346993437387605685e-02,2.522808440867179217e-02,4.219187320797298558e-03
9.877422099699197100e-03,1.584722850713414207e-04,4.642233731733301505e-03,3.992197349668252749e-04,1.042852844934721510e-04,4.536639462665379395e-03,1.344639330311142578e-01,3.642863994653659093e-02,2.625280056621088001e-02,8.296834315452151489e-04
1.396412998099559903e-03,3.695756198495135387e-03,4.734809522176161231e-03,3.452540570914753443e-04,5.203087536020448958e-05,4.437884837684067524e-03,1.056476336016218542e-01,1.873762256863937062e-02,2.433479028453620560e-02,3.503076510492325428e-03
3.230731961029421548e-03,4.225736805859876127e-03,1.055081072792449400e-03,2.834526245106786402e-04,7.099816378600342325e-05,4.757832526843894065e-03,7.021209752737592180e-02,6.728529282633217631e-03,1.786689204296134162e-02,5.210797096192079994e-03
3.289840642394779337e-04,8.975365007149898634e-04,6.001668770570199596e-03,2.155047777198413695e-04,4.748875989675254756e-05,5.567635409108548719e-03,5.219787652840122971e-02,7.812956158344871310e-03,9.923626086938214935e-03,4.531017641298651366e-03
4.956201581869902444e-03,1.491037308929211600e-03,1.211650714822466376e-02,1.428662721741195160e-04,5.049533808176002612e-05,5.307732031870328326e-03,4.166080704107925914e-02,1.020364863165003702e-02,6.584431006615881418e-03,5.669291754949750198e-03
6.137733087380619484e-03,2.896721922611438958e-04,1.373030441006235260e-02,6.728690105442494045e-05,3.159909582516386172e-04,3.244018168274723571e-03,2.271357351602958791e-02,1.965798056811149906e-03,9.391063220259739108e-03,1.017720601150884537e-02
3.348975999992820016e-03,1.616310858472128163e-03,1.133083143759166210e-02,9.223191667374872646e-06,1.333946132996399454e-04,1.806870545469548136e-03,6.344363406999796277e-03,1.156732670026553236e-02,1.109211742061200039e-02,1.407921409857714259e-02
6.329203480721297447e-04,1.443768856687503710e-03,7.098850874811784076e-03,8.470371554463953677e-05,6.308051547970297025e-04,2.995524596116087759e-03,8.474991632558751334e-03,1.875000671193095825e-02,3.429586123506327220e-03,1.367062479478188541e-02
1.165099418680943383e-03,6.345983906364191518e-04,2.021083637805130232e-03,1.572973581053765241e-04,1.083219194664780021e-03,4.011775418295943432e-03,1.736591831213343123e-02,2.008326347725799751e-02,1.057465635406288663e-02,1.089345051623701911e-02
4.386756046201679970e-03,6.987978096732963161e-04,3.021760689680384054e-03,2.251711433071030037e-04,5.811334197638611020e-04,1.278755536133494280e-03,1.235285330238115875e-02,2.374864444984182976e-02,1.863604252648445522e-02,1.006721376224675030e-02
9.080411187028208930e-03,8.743303961990974956e-04,6.127673761272828777e-03,2.865558609464059878e-04,2.254724258992335225e-04,3.224157941866658082e-03,3.056589255501080543e-03,2.967684224412343863e-02,1.604638376257848387e-02,1.154478814690810574e-02
1.239841140574875558e-02,7.221932968704367073e-03,6.698326823434354663e-03,3.398463989942832357e-04,4.637495179387541764e-04,5.375341888606735563e-03,1.688839695750803810e-02,3.173297864582912131e-02,1.223753906108614176e-02,1.204546492271015533e-02
1.358772198509045764e-02,1.701757538350859994e-02,6.632942068920077289e-03,3.836437950427375090e-04,2.613607497520051954e-04,6.138215607733477942e-03,3.939083066613306705e-02,3.181311847494541767e-02,1.590601573498900967e-02,9.892242108761913413e-03
1.507078781829277424e-02,2.545127913896553726e-02,6.947945825800920343e-03,4.167628977313998979e-04,1.825485386072904829e-04,9.075223762285856283e-03,8.541019472233678245e-02,3.755945639700065952e-02,2.305133426950783937e-02,6.563417727853952666e-03
1.770569394443499700e-02,2.903239962404554481e-02,5.166003567017159528e-03,4.382604281684006862e-04,2.931749299788431154e-04,1.317697069317532235e-02,1.387460965324267270e-01,4.713069805578962851e-02,2.665644783368108575e-02,4.015136401760990674e-03
1.924898872760190394e-02,2.751979073853304952e-02,1.660230655502100252e-03,4.474717585636436065e-04,3.489933490277659150e-04,1.429408038207726807e-02,1.623561575878342822e-01,4.957149227200063207e-02,2.915318939440477222e-02,3.138559596575787869e-03
1.860913954828552833e-02,2.211057388193644196e-02,1.233536397992118089e-02,4.440296170029034949e-04,3.107776223137828447e-04,1.162972717020633630e-02,1.395304551937570359e-01,4.159976031107030792e-02,3.651130678571842814e-02,4.156934733885956496e-03
1.745247806956243958e-02,1.418374130645780155e-02,2.149270218624556653e-02,4.278690652207619975e-04,2.919074003010715826e-04,8.011902151027415833e-03,8.950596853694321731e-02,3.273783557882624373e-02,4.636567786889018300e-02,6.749282694200502315e-03
1.648083111715572049e-02,6.073647172469341486e-03,2.387407234542705814e-02,3.992307680414717143e-04,3.138289379751370593e-04,5.673602795758353988e-03,4.510256099063717633e-02,3.102110102657150426e-02,5.027652488814331189e-02,9.777239411039886224e-03
1.404707603224943438e-02,4.921288369010343557e-04,1.824947343306829173e-02,3.586603187381904754e-04,3.219361657204328621e-04,5.012920080621141410e-03,2.358781994155477804e-02,3.268441501177354880e-02,4.415851190805062526e-02,1.147178707698779353e-02
9.482168317845630912e-03,2.038582705472026871e-03,8.063577402825388221e-03,3.069978599336138886e-04,3.020260393575848433e-04,5.652871790964678587e-03,2.104440244918473132e-02,3.003462186858450039e-02,3.094834696173660513e-02,1.044290240112973230e-02
4.550484587779778448e-03,2.907278624808799002e-03,1.085699556123266010e-03,2.453591171516056432e-04,2.836074918744278632e-04,6.541192766862157469e-03,2.882804432997676525e-02,2.301372289560153078e-02,1.610831299244883108e-02,6.939831605375757807e-03
1.151785958389311276e-03,2.139495130537164783e-03,5.612576100489048703e-03,1.751109408867107422e-04,2.819111858115333469e-04,6.170789699185805048e-03,4.391846505248508947e-02,1.798106131016241616e-02,4.561999885674865654e-03,2.829147958033848172e-03
3.331097801574645079e-05,1.042314635717238747e-03,6.392311502305240284e-03,9.784149379585561890e-05,2.757492773602824654e-04,3.928266804816141385e-03,6.223832498934796925e-02,1.842852150716089293e-02,6.034376443882849897e-04,1.724663728754832282e-04
9.935568194205021946e-04,4.258563162699897757e-03,6.123663817568820479e-03,1.532448077733614971e-05,2.413418151049051270e-04,8.275052230474775955e-04,7.506772938602296330e-02,2.121121478125925428e-02,1.522669643654783918e-04,1.311300210312565159e-05
2.071922978508252203e-03,3.394691594102796934e-03,4.559660780808288787e-03,7.052159822700715451e-05,2.057050469037076531e-04,1.616779048053644009e-03,7.438031152198419649e-02,2.046179483193651810e-02,1.222090772711541349e-03,1.858155806415764683e-03
4.865434606983313516e-04,1.396426830460694444e-03,8.349624910319319859e-04,1.576776455544506091e-04,2.177163672777317064e-04,3.022178071428772116e-03,5.417836635660104594e-02,1.272579604506285898e-02,1.090551751611306547e-03,3.651863578326714193e-03
3.036326230571525630e-03,5.528601543251166449e-03,9.205801088547663560e-03,2.440706660781004572e-04,2.313578926601064919e-04,3.896490149206672474e-03,1.860491999490124226e-02,5.328725091982102792e-04,7.435226544707013510e-03,3.123468109384657920e-03
3.352666331228033956e-03,6.237502070984002334e-03,1.507719614174282685e-02,3.276221641521086963e-04,1.446351949626704383e-04,4.121657125937264014e-03,2.411384524015274672e-03,7.684211978191534537e-03,1.434270221789266976e-02,1.100075438024700333e-04
2.690318234059299856e-03,5.312566789321813109e-03,1.411902858187209266e-02,4.062970735833914041e-04,5.056786495472762554e-05,3.427112891181277599e-03,2.439337599890876312e-02,5.443093196053537530e-03,1.822343929943136265e-02,3.145328958703438871e-03
1.128138954044211224e-02,5.271100363650659849e-03,7.382631720912398096e-03,4.781519361691114801e-04,1.726970295039100337e-04,2.858329234930941619e-03,8.288402430545752098e-02,3.498063761424083547e-03,1.788426843381084319e-02,4.781479402839018157e-03
1.632646834353690055e-02,6.085929664281915404e-03,7.169616721460958433e-04,5.413811983999334849e-04,3.309005202399377377e-04,3.308293625803801919e-03,1.170918710416205544e-01,1.048302875327025707e-02,1.521915082650801034e-02,5.389248975730339536e-03
1.665223025923425262e-02,6.854541808383398868e-03,6.387874339512410356e-03,5.943605817842408405e-04,2.237001282992516916e-06,3.793252967847587226e-03,1.055210710329207158e-01,1.349396709879218011e-02,1.397466311919076318e-02,6.310645729384951885e-03
1.469163248453454751e-02,7.828649076804200177e-03,8.527437412808765160e-03,6.356864774098886384e-04,6.930393993148796679e-04,3.698183717057208168e-03,7.861958639702334994e-02,1.501604468064712816e-02,1.491772461976337109e-02,7.373681342063414038e-03
1.095517117012952124e-02,8.433605590784957681e-03,8.564356990105187473e-03,6.642103787747008796e-04,9.543239349858601960e-04,4.367851834750919281e-03,5.594973005160523705e-02,1.245447681031837568e-02,1.272450831491233475e-02,7.919340997900139664e-03
4.851937560816760829e-03,6.030640877352303093e-03,8.518224561433048944e-03,6.790675089237832108e-04,7.058583611644638585e-04,6.307047988421742545e-03,2.006562193860030041e-02,1.318150277905932779e-03,2.412568552918596676e-03,8.450628857594193535e-03
1.578114380731857318e-03,2.740426498267140888e-04,8.652507968051177667e-03,6.796989414748673148e-04,7.056156504151548260e-04,7.837989630625845014e-03,3.561868304632352655e-02,1.521360299868567204e-02,1.190570600869722377e-02,9.172060523792574527e-03
5.750029837036913991e-03,3.907066804486688041e-03,6.815383658409983163e-03,6.658666504820232642e-04,9.542063433602324769e-04,7.989413870319084926e-03,7.968301402739146055e-02,2.910501350972356793e-02,2.001374483211271552e-02,8.409517918138254694e-03
8.224766869469570668e-03,2.044095232461108635e-03,7.627339155052773045e-04,6.376610821109571182e-04,6.969549409687004820e-04,7.617188654158399755e-03,8.201521111163943833e-02,3.695141911259187256e-02,1.675814499755240439e-02,5.012249161631486712e-03
1.053904590506685168e-02,3.521982979422116217e-03,7.850186503201806928e-03,5.955010217677355255e-04,7.388456942546108768e-06,6.801444742512484029e-03,5.247492954437110030e-02,4.017144359999209879e-02,6.148927469296826438e-03,1.178870075983411668e-03
1.165493241382806709e-02,7.217893791390276627e-03,1.295366966790973719e-02,5.401257148806276999e-04,3.273263906548181355e-04,4.160003318882113214e-03,2.515514357431180084e-02,3.987737905480142481e-02,4.562710955780448045e-03,2.690054822155024498e-05
9.639404757219284525e-03,7.523126314575694258e-03,9.791710324599358153e-03,4.725793813873061661e-04,1.841877971134797589e-04,2.205782745719014307e-04,1.947851398500272807e-02,3.689386956185276151e-02,1.126190156020087652e-02,7.966537399130282308e-04
5.119924197491974686e-03,6.651317738621276461e-03,3.877755107257292114e-04,3.941884428591969198e-04,5.577227512920058454e-05,3.682812500871989435e-03,2.717945257593014363e-02,3.263887706744952183e-02,1.372616598727543005e-02,6.437273606008558956e-04
9.313489656490506587e-04,5.933876914074646090e-03,8.757449572645277167e-03,3.065319546948910368e-04,1.276940529302221907e-04,3.991600874443590116e-03,3.142123141635581873e-02,2.701439800105761083e-02,1.345965234316553322e-02,6.430427208104951952e-04
6.708592973897150626e-04,5.686976435853893612e-03,1.344628615092402849e-02,2.114059037995752867e-04,2.432076092486688259e-04,1.643279058902191812e-03,3.124142574104597087e-02,2.011752441393055771e-02,1.322340867465747298e-02,1.349428891688853136e-05
6.288669298104424595e-04,6.637962445529036262e-03,1.446839281263917129e-02,1.107821883070580138e-04,2.999878573663177926e-04,1.375483204603324128e-03,3.900461867369740127e-02,1.579679213297175214e-02,1.678246585834054783e-02,3.838115673538885272e-03
3.780297168807165466e-03,7.266590638595687469e-03,1.463041523985806301e-02,6.763221829333699838e-06,2.567991608677729792e-04,3.528303053852663209e-03,5.416170167746502118e-02,1.757505063841940593e-02,2.398760117590028815e-02,8.398976271844636049e-03
7.291579336811684735e-03,3.236850764166950521e-03,1.528302221949589049e-02,9.846679906183358928e-05,1.755898712319697895e-04,4.320419031302578407e-03,6.122897525427880433e-02,2.292121547896001574e-02,2.627622544925034206e-02,1.089125754187434021e-02
1.001236886042748339e-02,5.759599656677301741e-03,1.598373186389234063e-02,2.026928274470465939e-04,3.165156246210529202e-04,4.225974037051227067e-03,6.008939528921779238e-02,2.706638418976588245e-02,1.481550468259308466e-02,1.152675375466784280e-02
1.193776072866614343e-02,1.233818333474840517e-02,1.620952699844390235e-02,3.037208713312647347e-04,6.356170101258380983e-04,3.914746527941968118e-03,6.845863755135299378e-02,2.942504691443170034e-02,4.988898772094903060e-03,1.192690592242756295e-02
1.371189152312810196e-02,9.827959152599997569e-03,1.595520769396482214e-02,3.994296368040189406e-04,4.528749963917045782e-04,3.156110249056816135e-03,8.778408154420275222e-02,3.166370896516444711e-02,1.663575112176617424e-02,1.203726251831887042e-02
1.462873024901647015e-02,1.056199457859084050e-03,1.421368025480014910e-02,4.878207391441062471e-04,4.476525373031643522e-04,1.325039412925587464e-03,1.008678709814047475e-01,3.301283120196966958e-02,1.363207851104172516e-02,1.089043794491787245e-02
1.282069575889742755e-02,5.921771645505316886e-03,8.789091507763044028e-03,5.670662889606268783e-04,9.124709370078667742e-04,9.908378102932247165e-04,1.030442665330451590e-01,3.155041526064229773e-02,7.020850907178290308e-03,9.439227478391902168e-03
8.732187705053514465e-03,7.761699179421339273e-03,8.670813379449833188e-05,6.355525710783900377e-04,7.058944451341550824e-05,2.349065324672970807e-03,9.852010558034059173e-02,2.748848623499081101e-02,7.553987554675688915e-03,9.725852587720048084e-03
5.979471237743172463e-03,7.281579094608530908e-03,6.616342655632422368e-03,6.919187200017498695e-04,7.877808736333344808e-04,2.424857299647897087e-03,7.732806725131795289e-02,2.275544262770999929e-02,1.144583673890220768e-02,1.161820418270679070e-02
6.910731001381588239e-03,7.563244141631719590e-03,6.418251939566101821e-03,7.350897180992083200e-04,2.783493974419754699e-05,1.961721384040387636e-03,3.656099971555783201e-02,1.929401640099880078e-02,9.390606612375293830e-03,1.315727444697413137e-02
9.659885038881389427e-03,8.761475105198745020e-03,9.448329154476387513e-04,7.643029649972705834e-04,1.601101548355578566e-03,1.094855761188348944e-03,2.916357317537192351e-03,1.790132635141561748e-02,2.682041317156719749e-04,1.380880463022594352e-02
1.114636735006071903e-02,9.795613650182733931e-03,4.279827847057965373e-03,7.791271470576576191e-04,1.567143645948505413e-03,3.257037364016487479e-04,5.676415519575136147e-03,1.657501686263973886e-02,1.307156670205545691e-02,1.482466972575892904e-02
1.068374192107233826e-02,1.028946832889874284e-02,6.528468186926103881e-03,7.794727393366275309e-04,5.518627616234186525e-05,1.394514338576421583e-03,1.152344204155916589e-02,1.160247177550032330e-02,2.520225784627280058e-02,1.656758971841308659e-02
9.281374806303950911e-03,1.081688876292464727e-02,6.460957998632353705e-03,7.655951058051391634e-04,8.402453113008070615e-04,1.071632273167324794e-03,3.692926542171461046e-02,2.489522979544653378e-03,3.414300671783396940e-02,1.750417211380303137e-02
7.336744830345345511e-03,1.196204204186186379e-02,4.676424872333403635e-03,7.380904702159215951e-04,8.249889771169795552e-05,1.814776846213269528e-04,6.566695383684857668e-02,6.321838102338508958e-03,3.800167420870820267e-02,1.619910283204668150e-02
4.617842632056271511e-03,1.255294756030698490e-02,1.530936185176812571e-03,6.978821086040119977e-04,8.023089439093553576e-04,8.199721663940516157e-04,6.917855318567965595e-02,9.702744125479736970e-03,3.665216971027781406e-02,1.341169337586381113e-02
1.678731195090056886e-03,1.004622811612905682e-02,1.673953223548627252e-03,6.461961223704836780e-04,9.676241622191921442e-05,2.656098184174564020e-04,4.238459878514241885e-02,6.028780139261199003e-03,3.078787209823351939e-02,1.132581399157249653e-02
2.021936023047558005e-04,4.824841299188819405e-03,4.516023667688964967e-03,5.845330497936949195e-04,6.065210614918051940e-04,2.679236512592365459e-03,2.012690446092490343e-04,1.945960122230147929e-03,2.087401483660167312e-02,1.038853442708933573e-02
5.322699393695539674e-04,1.806279472216430933e-03,8.231389742626982892e-03,5.146380626824226083e-04,2.158069832026108324e-05,4.599986253712781172e-03,4.057288847009794808e-02,9.028985049536267238e-03,9.503688811395369015e-03,8.557006262176902397e-03
3.769712427109509802e-05,4.728541259679863717e-03,1.247041115717028269e-02,4.384582422042839953e-04,7.616457348525370328e-04,4.682996679337664281e-03,7.068216385842135407e-02,1.224568212308661808e-02,2.013259205852501593e-03,4.970682678696715720e-03
9.058785463827371664e-04,1.194023704826814580e-02,1.467462089356025637e-02,3.580830883116737631e-04,4.012103765977026101e-04,3.695563844411641104e-03,8.994787492394075434e-02,1.333778153811612105e-02,2.004163498256968014e-03,1.564603961413198316e-03
1.866964222383878276e-03,1.970132263887909574e-02,1.428201270367723472e-02,2.756955376956995519e-04,4.909799805223435520e-04,2.820883250012931956e-03,9.878792128530544669e-02,1.395839352103719726e-02,8.327547782256378844e-03,1.236896820816746519e-03
2.148101967738143010e-03,2.399710236409952069e-02,1.360328766482058090e-02,1.935456361997896994e-04,7.318360933687730312e-04,1.030526040546810625e-03,8.785485962408554061e-02,1.051090637219971244e-02,1.687020428506576242e-02,6.655232291216767355e-03
3.775683131362277773e-04,1.863699624157579698e-02,1.381453155838139636e-02,1.138924997320013040e-04,4.227057180720557544e-04,3.599402957142227265e-03,4.479116352606088425e-02,1.651565787079668389e-03,2.216690951208839105e-02,1.605143802646567461e-02
3.703823758289250586e-03,6.151148971818386343e-04,1.368235644814406841e-02,3.889103392334123180e-05,2.837187581917286622e-04,1.021168708647828861e-02,2.457073890886674744e-02,1.987864942559628562e-02,1.868300609229530881e-02,2.489430679725722351e-02
7.983976309345311786e-03,2.184593297667170378e-02,1.243628370251292567e-02,2.945709585965631237e-05,4.010773511854557791e-04,1.516527283669575482e-02,8.821501826278967118e-02,3.455138617243828925e-02,5.483672369354133415e-03,2.785765688608891552e-02
9.637710723533123025e-03,3.567083827859302003e-02,1.146074161003317674e-02,8.923079754766130665e-05,4.367227234981932785e-04,1.619302498528772671e-02,1.124380111358590367e-01,3.932832926356122361e-02,1.096895559780814572e-02,2.504425094060210369e-02
8.413792040340340242e-03,3.675627274211740875e-02,1.236585477539650646e-02,1.386448204483317734e-04,3.316640586509615437e-04,1.452758320323265309e-02,9.773650275917158958e-02,3.860255754405767653e-02,2.220606357504976286e-02,2.030672117184030220e-02
7.110202209754456354e-03,2.988176193380459242e-02,1.397037565916402213e-02,1.763582149049664296e-04,2.916559207551789007e-04,1.210012990404116598e-02,7.963806971277775926e-02,4.153820849021801209e-02,2.477510002670418529e-02,1.643208319017876520e-02
8.418687408757823815e-03,1.871547828576104050e-02,1.261142852662854551e-02,2.015024013397248505e-04,3.724941728290011799e-04,9.310976997505621827e-03,8.864253278586557705e-02,5.011191061962731730e-02,1.993142972329843554e-02,1.434293029610546333e-02
1.230141058041871009e-02,4.679451892244693330e-03,5.987538350386873744e-03,2.131439973792549798e-04,3.759040482325428354e-04,7.174275576964784032e-03,1.196024041988526521e-01,5.758504679792012665e-02,9.654158015298770421e-03,1.390729720619630384e-02
1.638175297017011381e-02,7.123625514318459966e-03,4.499929311285686198e-03,2.103114627887106732e-04,2.175952008633546826e-04,8.069746566987190742e-03,1.436550961758779055e-01,5.774243687524138746e-02,2.713104020128175205e-03,1.357648710671543330e-02
1.829801454737281161e-02,9.531571131830585478e-03,1.496283590116989463e-02,1.932207825520728891e-04,2.108584638193600821e-04,1.179036439977585414e-02,1.407293858106008488e-01,5.090549060892270161e-02,1.047067497861343954e-02,1.196247363498557058e-02
1.775197965662373562e-02,1.908977084705742273e-03,2.139098832681926229e-02,1.633034641792821204e-04,5.363326409066811748e-04,1.454091303190821124e-02,1.173633837950151249e-01,4.171098493627551501e-02,9.323922027775292595e-03,1.053623625251761710e-02
1.574056481600081756e-02,7.801327368648594551e-03,2.212867072371206903e-02,1.206162483077067514e-04,5.480519556002996567e-04,1.403214504802457498e-02,9.528821837913548087e-02,3.433011300137052413e-02,4.488531113398427398e-03,1.163696030127482975e-02
1.221354459878566841e-02,1.145431236853716728e-02,1.949409929307988759e-02,6.371312383129769190e-05,4.435440262908673043e-04,1.179870703463694985e-02,8.381747462101304946e-02,2.896118865926246982e-02,4.100190100977289982e-03,1.366720402175349534e-02
6.708022352679028459e-03,8.426549113218703702e-03,1.771879530837761063e-02,4.854110180087658498e-06,1.685112210420774232e-03,9.374610680423224943e-03,6.948432317944454317e-02,2.185095190500696560e-02,6.960476082024873168e-03,1.211915449411907902e-02
9.971977295834017364e-04,3.707539191958520840e-03,1.779017689825769175e-02,7.817391076783813931e-05,1.666959246167443610e-03,6.027753309040269347e-03,3.701705737966233534e-02,1.050087334254024354e-02,6.296612392100676622e-03,6.068517356405461402e-03
1.759346531351096326e-03,9.254842943441503626e-04,1.523331601663819451e-02,1.567934536118097502e-04,3.929645296235242773e-04,1.007850829786252752e-03,7.860925303714315360e-03,1.016180044070103244e-03,2.558198289251706163e-03,6.321897871396152217e-05
7.185023737050937661e-04,7.149275775564307078e-04,5.190954367661026851e-03,2.499048450402443339e-04,6.264165474177297178e-04,4.578039084532007155e-03,4.465056167406064591e-02,4.730890919873323094e-03,8.742838348308685018e-04,2.308904186197113795e-03
1.942386775851911085e-03,3.740711473883035106e-03,1.020256757906850414e-02,3.502628549886660763e-04,6.459417268862299461e-04,8.272039511609950713e-03,6.068317030569055082e-02,2.147891607567137089e-03,1.010982451409346864e-03,1.212121583799477976e-03
4.090387261527518407e-03,8.104936413696715858e-03,2.216176577601329870e-02,4.311424760992729342e-04,3.540274803434826311e-04,7.846308075964668338e-03,5.742764111044695863e-02,1.343525037164898343e-02,1.016468093517462236e-02,1.211634132861773945e-03
5.580102857368610114e-03,9.780510451212016607e-03,2.419257622206951591e-02,4.999877314699920213e-04,3.794498424540818289e-04,3.401947767556845990e-03,3.797468063526794613e-02,2.104142640725100571e-02,2.535901924053370407e-02,4.685450707432381630e-03
7.042154178077677726e-03,4.401026390690251575e-03,1.831811382973174904e-02,6.064878234806908184e-04,5.413876714869956175e-04,2.074999405593142519e-03,2.457000569850938988e-03,2.328698849964375844e-02,3.612620115201388427e-02,8.626672859408384894e-03
8.478444157622567687e-03,7.039106041542566965e-03,1.039805331862616103e-02,7.283875941295223175e-04,5.598683664949396892e-04,5.442414507173988156e-03,3.939447735084895819e-02,2.355221750765116098e-02,3.500438482173146709e-02,1.062987475817974564e-02
9.529066528160646393e-03,1.751832289810962770e-02,2.140998952176042733e-03,7.513109556605533385e-04,5.184719673661949101e-04,6.142277008105343460e-03,6.392944530307621831e-02,2.327714795562232236e-02,2.520553322785076822e-02,9.787344864035874004e-03
9.982447988471230410e-03,2.041056338913132401e-02,7.392121395327813649e-03,7.122745255186401512e-04,5.433193474222064619e-04,5.318375482000900316e-03,5.415531661814258768e-02,2.051914377380795185e-02,1.534445891312781127e-02,8.339578932966752733e-03
9.502975780835613492e-03,1.552991715111729475e-02,1.441315277241876462e-02,8.522181746276434730e-04,5.770810237713578338e-04,3.342652798472455465e-03,1.866800205151734199e-02,1.414594268976193843e-02,9.541285835690476932e-03,7.610773752541808747e-03
7.498853460214038522e-03,7.608706088058475245e-03,1.277937892299205180e-02,1.101386981271378594e-03,5.670622125987525262e-04,4.529997258506818507e-04,2.104878521125729332e-02,5.168543362233986999e-03,6.226125165351554386e-03,5.530323641417889471e-03
4.109109460475589629e-03,3.197078335087850161e-05,4.661499982879610537e-03,8.952917322424092756e-04,5.793065673151275193e-04,5.981329185327340786e-03,5.418993595254551626e-02,5.170857785007891214e-03,6.424486663773196216e-03,6.459423477118649871e-04
1.171805327873704254e-03,7.823355533166619080e-03,5.506437067583008294e-04,1.097748750152531354e-04,6.227396077126836444e-04,1.135173491341436372e-02,7.676709188215384561e-02,1.484894278076164149e-02,1.531819080871068064e-02,4.485206794897309696e-03
5.485051585762022123e-04,1.679732676134908231e-02,5.939393822575813296e-03,3.859465777383749570e-04,5.785560154651568599e-04,1.413497521152770608e-02,7.624156364920361972e-02,2.063648297692186398e-02,3.096780599165630671e-02,6.848218326342629669e-03
8.392599176269130087e-04,2.336503096251410852e-02,1.425692423943114920e-02,4.649511256083930589e-05,4.719491236799277264e-04,1.387139256222067601e-02,4.568088624384831348e-02,2.237855788825035899e-02,4.027037616514177881e-02,7.193583076357781131e-03
1.845454917974493573e-03,2.125188661211681318e-02,1.603025229110147110e-02,7.690597718976228568e-04,5.484660800776947499e-04,1.285077352320821223e-02,5.900372155104209940e-03,2.455650396071797081e-02,3.383148312039101213e-02,7.395753415392216853e-03
8.308062312274421338e-03,8.895370094869015087e-03,1.107220185886523267e-02,9.120542651870813117e-04,7.463390115056689738e-04,1.348905815228169068e-02,1.455869821458403296e-02,2.895223659006842393e-02,1.846048392158071427e-02,6.707159052028141208e-03
1.401222530271880977e-02,6.140822507917123065e-03,7.453788547662941293e-03,5.995717306391555373e-04,5.012114578157795316e-04,1.547821362142372953e-02,1.476465240935672350e-02,3.024189622298169983e-02,7.988629026892462778e-03,4.836429064808447399e-03
1.456913780709906577e-02,1.317494162695562535e-02,8.739330650518973773e-03,3.973825428779188319e-04,3.127384101829141778e-04,1.699291718798268819e-02,1.102208797588279804e-02,2.465787562718047346e-02,6.709681735463622620e-03,5.019523183336455953e-03
1.133302602720294601e-02,9.151069707343169671e-03,7.788200894213509994e-03,3.755509702780946259e-04,8.247726073807991765e-04,1.779402760318636589e-02,3.769217907267845107e-03,1.804411599514311321e-02,8.217779904956619766e-03,8.846966762531625894e-03
9.004786988081180110e-03,6.836395554850602848e-04,2.234487168154757758e-03,2.908403234205221349e-04,3.949412476112978921e-04,1.883495338116952453e-02,1.798193338867717928e-02,1.845592211575359382e-02,6.674340614494796153e-03,1.223347534771985871e-02
9.372240727695619472e-03,5.537873597237669490e-03,1.607748595381442228e-02,1.061556166878447677e-04,3.385932004294331301e-04,1.968743393058310087e-02,5.102581050980831839e-02,2.517161615448838471e-02,2.653963630437516930e-03,1.211879093480203173e-02
1.079936442200524031e-02,1.109031191946503909e-02,2.332437407274460389e-02,5.854213738262709413e-05,5.064025144481329455e-04,1.920200220738485855e-02,8.033788843398961821e-02,3.184222591185594670e-02,6.618185490757564314e-04,1.194631269376403640e-02
1.274801526385855102e-02,2.057599030872530807e-02,2.211240263245026899e-02,1.799069796260216003e-04,2.327281546994804649e-04,1.779351200746993877e-02,9.683940909507411654e-02,3.583729790392620879e-02,2.209936548051314852e-03,1.416406752475674047e-02
1.568812652709053804e-02,2.969004968833667546e-02,1.710394981922797736e-02,3.185596016106049719e-04,8.091445971125456912e-05,1.579537622522280901e-02,9.533944209690839444e-02,3.651235645039208055e-02,2.962984493635507140e-03,1.361688120876062072e-02
1.618769410142710183e-02,2.651738060239192812e-02,9.131776747527150725e-03,4.834219484353074418e-04,1.190745162975050391e-04,1.096751564738831543e-02,6.796127578277848247e-02,2.857436511124219342e-02,2.985807409939729776e-03,5.980368932616499447e-03
8.565038521368906893e-03,7.895520219398887568e-03,2.866136537842810250e-03,6.232027945907651478e-04,1.069213254307339303e-04,1.809362123350557322e-03,1.869995033594518477e-02,7.598194443861367754e-03,1.831029496584508616e-03,3.592971777375067455e-03
5.980467187333027290e-03,1.381211855877646257e-02,1.340036944729493945e-02,7.254803812056484546e-04,7.902324724544782826e-06,8.218757807276351815e-03,2.671212163211139634e-02,1.880359347880279641e-02,1.731755683610542926e-03,7.756445286922785710e-03
1.764254208745287891e-02,2.535735335433940765e-02,1.458664905928279062e-02,8.502741244493693595e-04,6.903186909592574341e-05,1.407874306557769378e-02,4.424558547128707581e-02,3.476838142623057265e-02,4.051036520029144793e-03,6.546968604879194707e-03
1.860393698802704013e-02,2.588690197615248559e-02,8.541899389743779283e-03,1.008912089480173968e-03,1.071799081359814382e-04,1.481040234365301952e-02,3.630050151198775665e-02,3.251605893180679885e-02,2.909536248461361621e-03,3.827441477158109902e-03
1.083675213528964565e-02,2.139409168743344400e-02,6.892294964759182463e-03,1.084539387910301786e-03,1.495756759605551523e-04,1.255261401643402441e-02,2.051767169760434703e-02,1.888079525194551883e-02,7.409654734561330926e-03,1.528808639229937635e-03
1.074763378815925957e-03,1.568157049191203078e-02,1.516248038434304252e-02,1.046994408090284314e-03,1.968893658212014883e-04,9.124495161485066466e-03,7.050406128526451148e-03,5.219923879314228646e-03,1.958381720100801568e-02,2.018256047787101055e-03
7.527991452534613451e-03,1.181271153641909148e-02,2.460319261932442797e-02,1.130339153853004942e-03,2.419871149340938033e-04,5.843747008097745395e-03,2.339488127984587149e-03,4.217556234463020956e-03,2.035724059685208726e-02,8.151069431505841845e-03
1.595741559237379842e-02,1.366931574223869891e-02,2.478992655815253493e-02,1.398531042224557567e-03,2.982002433291713038e-04,2.926260439773702236e-03,7.939927435628543057e-03,1.265904429807101529e-02,9.128140772253857949e-03,1.694042838699223730e-02
2.431466263550839321e-02,2.118836038820995013e-02,1.775809258871495142e-02,1.348793185206509024e-03,3.389372876191786206e-04,1.439694964754001556e-03,1.446631819936084265e-02,2.224065434659249982e-02,3.034455219580301562e-03,2.046124368512093963e-02
2.932069743564592532e-02,2.990987776470131407e-02,1.072773946523757245e-02,8.091469524377278150e-04,3.252240008276605738e-04,6.985113509739278824e-03,2.598758266401718711e-02,2.804083641638297278e-02,1.015371011959821657e-02,1.625219173252138993e-02
2.758373665132582420e-02,3.674638168021182594e-02,7.688846056904167191e-04,9.200150063323459361e-04,3.307276942417493272e-04,7.866195233827557448e-03,3.390048336085227376e-02,2.360459805083950022e-02,1.472584557703557340e-02,1.073234345160176822e-02
2.062922501895618488e-02,4.060621739259280549e-02,1.985639295436721422e-02,2.618327509264948942e-03,4.444303843994016853e-04,4.967849468696693745e-04,2.567723955287824766e-02,1.182520212702219131e-02,1.747290255338455542e-02,9.702387623479399870e-03
1.455967833356895842e-02,3.853835855849054720e-02,4.578680171839803748e-02,4.395488885284953330e-03,5.000758677082324131e-04,1.263645270766137856e-02,8.428924931962334527e-03,4.378519376671880306e-03,1.581094439051040565e-02,1.074190622563872891e-02
1.308043679008287670e-02,2.939169165481443635e-02,6.104162070944577773e-02,3.849731451582982279e-03,2.898328581817252400e-04,1.831707475767334337e-02,5.703136276810875580e-03,7.780222119817730222e-03,1.059650980813674377e-02,8.338676123763212947e-03
1.277066128225073927e-02,2.108610031064184556e-02,6.013921694051869993e-02,1.421545217015288739e-03,1.988630577051273213e-04,1.581959315971293370e-02,2.524418244342814185e-02,1.584691878447037211e-02,4.763510172744173446e-03,2.671455093739153255e-03
8.298522940146364421e-03,2.453665685320079864e-02,5.323625429947106968e-02,8.729360872988859126e-05,9.703325915639680237e-04,1.259047858221852036e-02,4.727473988744335109e-02,1.977900713006025546e-02,1.973161855285176635e-03,1.029320433279681032e-03
7.067673254032431603e-04,3.768628624436513863e-02,4.871050688792503275e-02,1.162117881815645081e-03,2.426610421230962489e-03,1.287599850247651660e-02,5.307864115253807524e-02,1.997496361713851920e-02,8.898967390841752007e-03,2.920212675929543611e-04
3.938751479265917635e-03,4.456186976761978419e-02,4.359095513913477382e-02,2.674324924094786428e-03,3.207644500136278259e-03,1.243590152701858076e-02,4.807018469846460751e-02,2.209564501371283005e-02,9.327673885619069266e-03,1.418284910871654703e-03
3.412056523580413083e-03,3.463916041844669613e-02,3.384544172815842633e-02,2.424845859637783825e-03,2.434016102371028105e-03,6.828236134757790544e-03,4.525294134739114155e-02,2.570558675636650664e-02,1.116708246786664782e-03,2.583942316023571991e-04
1.566390173531647572e-03,1.505195571749564851e-02,2.198206060065361483e-02,8.244525915931450637e-04,9.238666422335193706e-04,1.974578808735829877e-03,4.401186553046836786e-02,2.494010736917266421e-02,1.540030622557485643e-02,5.222338171127855790e-03
1.587629171058374403e-03,1.762904756162187586e-03,1.056701328425470147e-02,3.042790526423298043e-04,8.276286121787954065e-05,9.674726256249474576e-03,3.988814679620065334e-02,1.924292117377836286e-02,2.334064710959373248e-02,1.015576074214371780e-02
2.641338599036401232e-03,1.368087010771052575e-02,1.852531079255201937e-03,3.943991299243202473e-04,2.069571879327739884e-04,1.484708310769099725e-02,3.634182415386238985e-02,1.426459326975699701e-02,2.490960403290979480e-02,1.317177240411914613e-02
3.904517025682048212e-03,2.381370194879398397e-02,1.470137723225041840e-02,2.651615528982574285e-04,5.033826535079575192e-04,1.749792583544859670e-02,3.148957995603211824e-02,1.109417493899198665e-02,2.650522169524878457e-02,1.519249562318972582e-02
6.044735165220186356e-03,2.808964469901360089e-02,2.296602174801464641e-02,4.599643462109598464e-04,3.412337699708537083e-04,1.714847063163644700e-02,1.420455037003174985e-02,4.550084465702845457e-03,2.900283123672991667e-02,1.778517206226946923e-02
7.673409709587156353e-03,2.003005980720874019e-02,2.350013907533914093e-02,7.646899470066175842e-04,3.075826030276758731e-06,1.503018200478386038e-02,1.270593500576116738e-02,5.477563988561389395e-03,2.861943545400938427e-02,2.114354991302811598e-02
6.113218587047704843e-03,3.730474317653395457e-03,1.827543165113102927e-02,9.424375441348822966e-04,2.225029694339680699e-04,1.432554310739690001e-02,2.915031607782386097e-02,1.118368319455566653e-02,2.452743913763248684e-02,2.399587593459803422e-02
2.624004426250536263e-03,8.982132344368945129e-03,1.072314572446500351e-02,1.027217610166549855e-03,1.030227669962902959e-03,1.564326579531440803e-02,2.932356516852470743e-02,8.817975822884956821e-03,1.805971932154189219e-02,2.531614030360510720e-02
1.312138818292916953e-03,1.143595229060538447e-02,3.593253556702638227e-03,1.112685810623008364e-03,1.476992899185211854e-03,1.524710687918935832e-02,3.074727513686332028e-02,4.461801191955059101e-03,9.706874570858036941e-03,2.534891587193537077e-02
2.254012105290094034e-03,3.883532404251541399e-03,9.304457379005434160e-05,1.303402438839829439e-03,9.669438323218375927e-04,1.035258991119090456e-02,4.113892512377942401e-02,3.779772076024228399e-03,1.720345424800633332e-03,2.358555744254724196e-02
1.304749130797128349e-03,1.188316312527295561e-02,2.776055129788994151e-03,1.592966181648713562e-03,1.762226481399027721e-04,4.077371970818604099e-03,4.406826042823006051e-02,3.942338033497580670e-03,1.363158276104062955e-03,1.776737732833442995e-02
2.496612778590288212e-03,3.059629834429533277e-02,1.053108715399428408e-02,1.677081239669192883e-03,4.475193295872431268e-05,1.825582892619372804e-03,3.073509448725190649e-02,9.426738286488407260e-04,2.866840649773490929e-03,7.990610767158469116e-03
4.845713032788061952e-03,4.241087128902275294e-02,1.867264511891869594e-02,1.474838864554459507e-03,1.628182414643645744e-04,3.327368302837183101e-03,1.914182323387002629e-02,2.102819129537474192e-03,1.191360621166464087e-02,6.682207194721210631e-04
2.872217492259548054e-03,4.315248971871205041e-02,2.333065247366461134e-02,1.702877337054593647e-03,2.442448311490787215e-04,2.831372736610837833e-03,2.484838697835836663e-02,6.154963798889075393e-04,1.863100122897814320e-02,3.452350754856341360e-03
1.111207543689563329e-03,3.998974840595626717e-02,2.523141291368830377e-02,2.586681389836973429e-03,1.394201248160325808e-04,1.323542610980051092e-03,3.453032953303843827e-02,3.172014628237994089e-03,1.493080001469514889e-02,1.840040073976204320e-03
4.505318030704031675e-03,3.901640762299014853e-02,2.668987803677027801e-02,1.931052350641992597e-03,8.667582249311404159e-05,3.528279555361216267e-03,2.622303252664499526e-02,4.485306157111038257e-03,2.199306919044539954e-04,1.217593784267240013e-03
8.468580355996110920e-03,3.526069835837877114e-02,2.552620333254593948e-02,3.208500255350501141e-03,1.205093064509452484e-04,1.100702634926646693e-03,5.876358805184268147e-04,4.095220947116760997e-03,1.769281165726256655e-02,4.316442389218889085e-03
1.435749419226540688e-02,2.471573685099869369e-02,1.781867406013551772e-02,1.173085311291480713e-02,1.298161279361958358e-04,3.502148836241136083e-04,2.390362063007749061e-02,5.846150135507284691e-03,2.642366167131462301e-02,8.874362162410057847e-03
1.983469091183686153e-02,1.757607808256657703e-02,7.702828451218095979e-03,1.763234082392011945e-02,9.583493535462038102e-05,6.792829367031279729e-03,3.743164147326755176e-02,9.386377641139687783e-03,2.196699023490149977e-02,1.096160892347965155e-02
2.176451389374670434e-02,2.616055163068615672e-02,5.951074782575072226e-03,1.615383591413819750e-02,6.929851116789747904e-05,1.627254712839307921e-02,4.515697467857000130e-02,1.113715293356491894e-02,6.573872761857501267e-03,9.628306612933465805e-03
2.072707628839118299e-02,4.434928098575100647e-02,1.460325449649559071e-02,9.362695393788734999e-03,5.832832129474782736e-05,2.150194003774551915e-02,5.029377746921862707e-02,1.094671333353246755e-02,1.295584982100590581e-02,7.803827692402118439e-03
1.970381230564770270e-02,5.357299496343861239e-02,2.183098223964559381e-02,3.205329448403218887e-03,3.744480643257589835e-05,2.160601811377769327e-02,4.581267756144717651e-02,1.264603595651052001e-02,2.716541167610703189e-02,8.471697795489951943e-03
1.937898373465194585e-02,4.942328180304607355e-02,1.815923160349017587e-02,3.056956619143080117e-04,1.105583907932244689e-06,2.059143251956944976e-02,2.705573378680234745e-02,1.763310103201208914e-02,3.031088441089384994e-02,1.111238059801826841e-02
1.734124875995111947e-02,4.595275697461105591e-02,8.767724176139340270e-03,1.203680056747495532e-03,3.919800516886902858e-05,2.053303675536140641e-02,2.171706316879405338e-03,2.211970397061761850e-02,2.557844949140937116e-02,1.281556366873083490e-02
1.228149987866319383e-02,4.709726856805195733e-02,3.441464583242011526e-03,2.915135419853125479e-03,8.194115565564975357e-05,1.994198676314550348e-02,1.552627461106046401e-02,2.281222811770514808e-02,1.967923312507239425e-02,1.176566188624011272e-02
7.233848335636621114e-03,3.374409368578632634e-02,4.327547338202241550e-03,4.246677034027387596e-03,1.358991126400962057e-04,1.715036088750850757e-02,1.810025691596351197e-02,2.207366328970984323e-02,1.390900974790943226e-02,8.104205736742987540e-03
6.818737498818880360e-03,4.924855579816306630e-03,9.123481985787057144e-03,4.780908724984080094e-03,2.034015435131023084e-04,1.258165277680805064e-02,3.338922065013334804e-03,2.358804778882723358e-02,5.561073060532506669e-03,1.698237016834297421e-03
1.130325401676563271e-02,4.667878036114338214e-02,1.503173937557256319e-02,4.684564043909710505e-03,2.768624705019795602e-04,7.323805031396474902e-03,2.477203555504196159e-02,2.484634035997823273e-02,4.720620943583355572e-03,8.409616056833811928e-03
1.549374006348144296e-02,6.314654715544767982e-02,1.492689616705585379e-02,3.076369057243782436e-03,3.551818480352038950e-04,1.483484442565887558e-03,5.232192037941520157e-02,1.952002988767847710e-02,1.410090060860874801e-02,2.064269114924294907e-02
1.458751377458526038e-02,5.357776418408902175e-02,2.210532664029876519e-03,6.856449963601797017e-04,4.523550235240774765e-04,4.697028108146220071e-03,6.299604047549178798e-02,7.583813098817966843e-03,2.323069198219539222e-02,2.953585110152136955e-02
9.270594240116662721e-03,3.353953191736261386e-02,1.570277599836996871e-02,4.319393865000882918e-03,5.716298562701142057e-04,9.535831332980360120e-03,5.323211269859851047e-02,2.853185138238301718e-03,3.268436805615006907e-02,3.071612286353651508e-02
3.653818742525889382e-03,9.599089668245698245e-03,2.076023991541408112e-02,4.230874880067216071e-03,6.861321713454944298e-04,1.073959031187629413e-02,3.313556694647947637e-02,6.131313262617105360e-03,3.645066124364140098e-02,2.525545482156737326e-02
4.042183763927793827e-06,1.701876518683359193e-02,6.143098009698351111e-03,3.759415209409199292e-05,7.893066892981764069e-04,6.937644335048658711e-03,1.338554127582321923e-02,6.147253129091556981e-03,2.706618338311448171e-02,1.673178673058038288e-02
2.660801252520490160e-03,3.961324783569521862e-02,1.442098552838472908e-02,5.191762373801735164e-03,9.376726280642187598e-04,5.120569086019721890e-04,2.184266216018107727e-03,9.388274462705291021e-03,6.263359802197811244e-03,6.942029327626580981e-03
5.805201241615552503e-03,5.541693055220539565e-02,2.307503511330565721e-02,8.171355758662072338e-03,1.146058413583021709e-03,6.404469090950532136e-03,1.289907368208126348e-02,1.596271600218685319e-02,1.447248830671107184e-02,2.753355730857710588e-03
9.135637981174948852e-03,7.108181981917055525e-02,1.717337041599248035e-02,9.051935321040226190e-03,1.293263148481155547e-03,5.312858356466105929e-03,1.574620388313651906e-02,2.241972315462634896e-02,2.386858620422658422e-02,9.341063144683718275e-03
1.180026059905175083e-02,8.568459302738772043e-02,8.895285922236916346e-03,9.605999786868886503e-03,1.344779258890757513e-03,1.921100427777195415e-03,6.649341399821201773e-03,2.868583448348832610e-02,1.975209650673523387e-02,1.144952243968147716e-02
1.463877983471688696e-02,8.406699865370521885e-02,8.752856507735745639e-03,1.038977380382785122e-02,1.569243342702499738e-03,8.438234227915271043e-03,1.037867389188903804e-02,3.537467669476174886e-02,8.416506248548200064e-03,1.246568710995782023e-02
1.872644650685668585e-02,5.916227251010654220e-02,1.332791395109900190e-02,1.046235334749995652e-02,2.028923663203408608e-03,9.167277639457481475e-03,1.927042402142781566e-02,3.698137201030597676e-02,3.343200695924377318e-03,1.617854049585061224e-02
2.170443154353662515e-02,2.382812492075534611e-02,1.138599254221801284e-02,9.362935447411969633e-03,1.853676978980254349e-03,4.409851407112624216e-03,3.905899759125641257e-03,2.525407277716246179e-02,1.345795562285368417e-02,2.064706156407674145e-02
1.926007992006624481e-02,7.774354801253326522e-03,2.813213528664695092e-08,7.654353075513437542e-03,7.654127270225003442e-05,4.277861090034754815e-03,3.970433999838021699e-02,2.139397502355588031e-04,2.173658781545729363e-02,2.092896232240235022e-02
1.139359060358224006e-02,2.961377675098388063e-02,1.190481788600287506e-02,5.364971075786014246e-03,3.320296206098493665e-03,1.569213644128620785e-02,1.052061648983724229e-01,2.922406320617368727e-02,2.578186327067684414e-02,1.721542815187723091e-02
3.746675569226109483e-03,3.261726256340950758e-02,1.737383006362705137e-02,1.658469656661307884e-03,5.732116983152419493e-03,2.583961794962626179e-02,1.763199942237997087e-01,4.895329564262296262e-02,2.326616114741510144e-02,1.431102170985630410e-02
1.310274329339741186e-03,1.346315228162882696e-02,1.996052073481380945e-02,3.341621284607199267e-03,5.744263744009375262e-03,2.919704239635132620e-02,2.229238208001612376e-01,5.277864021262480831e-02,1.585462230598795944e-02,1.267811380594046321e-02
3.146048769035278414e-03,3.671721733326673877e-03,2.404221555764440854e-02,7.877406246221544880e-03,3.904610103401864093e-03,2.429774433849442652e-02,2.166561415679529312e-01,4.341995595278514558e-02,6.932830427716052749e-03,7.558017551129298656e-03
4.262454011009426599e-03,1.274979999660633134e-02,2.625794423567794425e-02,1.021920459242372375e-02,1.826126545525908048e-03,1.466514529890122071e-02,1.578885199866004729e-01,3.008625297282000594e-02,1.816019909548694054e-03,1.474911000663939147e-03
1.587172452384563812e-03,5.613638222814648637e-02,2.319086461444280073e-02,9.873207142995487143e-03,5.975358379718734812e-04,5.013198721316523832e-03,7.654160514687326222e-02,2.121678907998219774e-02,7.366872954131156032e-03,8.148318806221816618e-03
2.898699687715525393e-03,8.630191892547631194e-02,1.887461192699511209e-02,7.333956418491476698e-03,2.298761329349393754e-04,1.145865465598645393e-03,8.875625496085689722e-03,1.801279081894265402e-02,4.075240164649060817e-03,8.713697910810889666e-03
5.484431530115652445e-03,7.993803592170993511e-02,1.759426116142672261e-02,3.745128830171122730e-03,1.939850314233608009e-04,2.451573395927288644e-03,1.903070689218840095e-02,1.568226749949210713e-02,8.086504107127889460e-03,6.157955213052939553e-03
5.784737074770588024e-03,4.962576468602909741e-02,1.563511274738458787e-02,1.177978954444556690e-05,1.562520187749182055e-03,7.874352270625291101e-04,1.591799252822800534e-03,1.178056148142485327e-02,1.949573316438388618e-02,3.263368002873450607e-03
6.154994261918440498e-03,1.565200794139473550e-02,6.909216549228683509e-03,4.351059452377788010e-03,3.585032851960648012e-03,3.918266707411308895e-04,5.781999570707956754e-02,1.058864008255481874e-02,2.104020759168006086e-02,1.813812812881690495e-03
7.203999321910646569e-03,1.617598910257066203e-02,5.564992757308413404e-03,9.080472279271768060e-03,5.073503641292918115e-03,1.445221671127045436e-04,1.232078633262250617e-01,1.594000919533889241e-02,1.229059733681062486e-02,1.015277621203149357e-02
6.693658503311585885e-03,4.816487617695736079e-02,1.008346103809747152e-02,1.099517289806918076e-02,5.152191505348469210e-03,2.205100065808404067e-04,1.732024195834989400e-01,2.288049814641438320e-02,2.986034527856978437e-03,1.765999134648404967e-02
2.706629399380914083e-03,7.540177428316224839e-02,1.541972988860970933e-03,7.366032773528162318e-03,3.751325826272895389e-03,7.402318934376839101e-04,1.905385420853706602e-01,2.279916027636918335e-02,2.014526569857928370e-02,2.022957814139898086e-02
3.352672412155343392e-03,7.901237460852715555e-02,9.270067277006521778e-03,1.229224934071147367e-03,1.497264573629792424e-03,7.669229616226000846e-04,1.670362715038228862e-01,1.497611521657674256e-02,3.096673487830548660e-02,1.957808304683226683e-02
7.363417770689555282e-03,4.080114577728997244e-02,9.857898415337297895e-03,1.620559947189500593e-03,5.173566674443536495e-04,5.162214402663774758e-03,1.105397524818962501e-01,6.005373331806010233e-03,2.857343233236939173e-02,1.915267528525180230e-02
6.947865951907907650e-03,2.743145605574202200e-02,3.333711881362850377e-03,1.139395587943031144e-04,1.238261687828083601e-03,1.041942770555402166e-02,4.353132960857839656e-02,4.178865160239519927e-04,1.799114384491809840e-02,1.723918941383062106e-02
4.583792353913581329e-03,8.300797689436018034e-02,3.932362424141626778e-04,2.262329125012394523e-03,1.823722596570246767e-04,1.524064137392763460e-02,1.331798370288117886e-02,5.850702832010582118e-03,1.310188186810665352e-02,9.790760249667112419e-03
4.165809207201138543e-03,9.571899974007741507e-02,1.754596501363949249e-03,3.793129276934904814e-03,2.237817447947679401e-03,1.966103019070757421e-02,5.571780073408900275e-02,1.124167896650362687e-02,1.965647102270226196e-02,1.693735268027105534e-03
5.684741905274036389e-03,7.780745957633002086e-02,6.869892122890082498e-04,6.138193092356643288e-03,4.809886463607882315e-03,2.175878803514150542e-02,8.978269768112555338e-02,1.547991733066143676e-02,2.808230102037009845e-02,1.097090243025501677e-02
5.896715177737483007e-03,5.682407933059298311e-02,5.345588115533038073e-03,1.034211977964188435e-02,6.400844587450894504e-03,1.860060874252183680e-02,1.130506300506761846e-01,1.788348640537070627e-02,2.737694665557117990e-02,1.540376987813333286e-02
2.846657096677600220e-03,3.794709702308986243e-02,1.541469613301744632e-02,1.474278737917823767e-02,6.759849261986801243e-03,1.100602912380352696e-02,1.129036421423335740e-01,1.711328655848136718e-02,1.967701890987042998e-02,1.783610402948739362e-02
2.362819283204870523e-03,1.360966375047463657e-02,2.883978252913837331e-02,1.693281263090912550e-02,6.276678159374111075e-03,3.461047306550430955e-03,8.661612655785239090e-02,1.039148303808597011e-02,1.474356920188060575e-02,1.953484195018868191e-02
6.744263561947416025e-03,7.586870702395456800e-03,4.163337301408494284e-02,1.617152608330009803e-02,5.626898042000555780e-03,5.351253909412422797e-04,4.871199652961609450e-02,2.027901006874490049e-03,1.574722797761842277e-02,1.795443620174900362e-02
7.413355071917662742e-03,1.034146909655710503e-02,4.670412433799921159e-02,1.385568583140684741e-02,5.627903555245188441e-03,2.105045372770072021e-04,1.623588399419351180e-02,1.417109119307631039e-02,1.761955974524478247e-02,1.349701574423630562e-02
4.241415993414548655e-03,1.655846963653671497e-04,4.115812678316186496e-02,1.204421245917879253e-02,6.305860440192455341e-03,3.875439220103810666e-03,1.617549940546235106e-03,1.885619363867854087e-02,1.464997148071749827e-02,1.122072929278074283e-02
5.647456428783802652e-04,1.027223237465694182e-02,2.918959661152348631e-02,1.143541071556297174e-02,6.447461510707764090e-03,1.012318930979404751e-02,1.758227158146086558e-02,1.311001839685494233e-02,4.230819591509684362e-03,1.298192567721395511e-02
3.223928594121613488e-04,2.512842741680532468e-02,1.836040484856690108e-02,1.116933794488853861e-02,5.127577211490284836e-03,1.573083421093681225e-02,6.812730022729945878e-02,6.133395055649081516e-04,1.160093098933784317e-02,1.406845787830536890e-02
1.351215777750909477e-03,5.170174930177624806e-02,1.644720124976129655e-02,1.093529292911825032e-02,2.941506433323286089e-03,1.768984094325108322e-02,1.294629498416048075e-01,1.521003422299274481e-02,2.391184388883412990e-02,9.399036626750702922e-03
2.974434060220856272e-03,6.899014593129017270e-02,2.816052575308887820e-02,1.211334466398619400e-02,1.233623444860687014e-03,1.414351367484430709e-02,1.570268203729726642e-01,2.170051963432283529e-02,2.162152177096584443e-02,1.406226998301292330e-03
3.005202013020614755e-03,5.222241705378005694e-02,4.784728485560588163e-02,1.520135017681906002e-02,1.050208428384747338e-03,6.292508220987612366e-03,1.255097603700738307e-01,1.560547775576043468e-02,4.509085949682210825e-03,1.447696803136180356e-02
2.235645524561537516e-03,1.686646033533933248e-02,5.774848445782092971e-02,1.689392849258395182e-02,2.415580013205292833e-03,1.024525286415878950e-03,5.778779983056324399e-02,1.573633033894368712e-03,1.061179212329911754e-02,2.380773014694317555e-02
2.425867350994655169e-03,3.856707781681502963e-03,4.281302923476055372e-02,1.242678516964120655e-02,3.519274848096358953e-03,3.668714802657491690e-03,4.783222399476644640e-03,1.045804551583303862e-02,4.247129035586734609e-03,2.523005990969156426e-02
4.385922246923077035e-03,2.569156355420402355e-02,7.076920110641727116e-03,1.152205386163811544e-03,1.787376874707963421e-03,2.844627435864407680e-03,1.381398482977242229e-03,1.394435700752834524e-02,2.284053660955862389e-02,2.068771661707484444e-02
6.766441451131716828e-03,5.508478089629548213e-02,3.123390643533828503e-02,1.235505497315479533e-02,2.912208202078605482e-03,2.249158548372423225e-03,3.133046943916591165e-02,9.234824982186961087e-03,4.848080142991802871e-02,1.572998552543826423e-02
6.684353525512333818e-03,6.370017860131803322e-02,5.684744190678237691e-02,2.276972787795801881e-02,7.336001133928470724e-03,2.190497092218450341e-03,7.402874715119880933e-02,1.111790633746370140e-04,5.405997970304889794e-02,1.194743068313933870e-02
2.783692658304754829e-03,4.833923005608167095e-02,6.391563952643188051e-02,2.786362874279688442e-02,8.352051162970917236e-03,3.182052866019908447e-04,1.047936023325405502e-01,1.072643887150819333e-02,4.154304473120712382e-02,6.102549152286549337e-03
2.717201859017827174e-03,1.989917039725420597e-02,5.306504726005142891e-02,2.826684766451004888e-02,6.337540200312044743e-03,3.391441821784043839e-03,1.161754546324231530e-01,1.926907087033795721e-02,2.308843791174349652e-02,2.382756425393641082e-03
6.735384078302444032e-03,1.346807263334235533e-02,2.986210647744876739e-02,2.486753442441148182e-02,3.807628608717807898e-03,6.275044022862872641e-03,1.091655394810204099e-01,2.353542664468136203e-02,6.090351729300317110e-03,8.287283446915212626e-03
8.942249950477675069e-03,4.749012471405659325e-02,3.428181079822890682e-03,1.733985597738239848e-02,1.550854698550067998e-03,7.307420435549574940e-03,9.119345607945465726e-02,2.507130548367833903e-02,6.090005046814840964e-03,7.500248732391183448e-03
1.046852033212393798e-02,7.585993332168142200e-02,1.577579012338660783e-02,6.729094282484953532e-03,1.349466772504597303e-03,8.706986722151876384e-03,7.358930558471821204e-02,2.708535287181663281e-02,8.982851675997542695e-03,3.181957911070261782e-03
1.062628714973746016e-02,8.863071667130306697e-02,1.683930750971759233e-02,9.082029993155425231e-04,3.389424132253818396e-03,1.221830115482210044e-02,6.329008815389666753e-02,2.966375624151481108e-02,2.838118783399286998e-04,2.125297561000658204e-03
7.832290887957484016e-03,7.786678593512480484e-02,6.985528241995377259e-03,2.029582585111224489e-03,6.464766847351944299e-04,1.585560318065451502e-02,6.232930987997952615e-02,3.071598275407607173e-02,1.518250921715979911e-02,7.339335826491118382e-03
3.079663388297959169e-03,4.608397926226794061e-02,4.905325723465661647e-02,1.526571480765888042e-02,6.673962805026938637e-03,1.622629526916686063e-02,7.421330093852715470e-02,3.064700553339119379e-02,2.851552237346160687e-02,1.625275755761584201e-02
5.146080044888226470e-05,7.695296879485960528e-03,8.844428121987804592e-02,2.868293354678382034e-02,1.216462586593344830e-02,1.319026397192672555e-02,9.932988176933160718e-02,3.230839558052742144e-02,3.489776996219400712e-02,2.432978222083300932e-02
7.447361379151814110e-04,1.901499002513727665e-02,1.042321598281311795e-01,3.248588584668726797e-02,1.118216301708041711e-02,1.009930823593528995e-02,1.258578881336759880e-01,3.692730095892512998e-02,3.595019652837713048e-02,2.855535753204449870e-02
4.152338097831795825e-03,2.221621056247991000e-02,9.061511560354196249e-02,2.612761648358467859e-02,6.470353159337552569e-03,9.140235715564335242e-03,1.339025914585240395e-01,4.179052686092659535e-02,3.373605527080029975e-02,2.843296270312245869e-02
7.625242266741148224e-03,3.337833187280700616e-03,5.730558091217984734e-02,1.544382397258736890e-02,2.690948552117267134e-03,8.513185218089091427e-03,1.087009402348749765e-01,4.159462962178750445e-02,2.710691842828093917e-02,2.577443442136225990e-02
1.094171639541261648e-02,2.479189646116300438e-02,1.994858602362102953e-02,5.062948780847849328e-03,3.140807169141109230e-04,5.685138647131676541e-03,5.538960196396716662e-02,3.390553283078359681e-02,1.522647049885729117e-02,2.393847089141168047e-02
1.550614781657064581e-02,4.981615532673194097e-02,6.644073769609029623e-03,3.144202013734605488e-03,1.822382521542472182e-03,1.427914096989113969e-03,6.207844860678364204e-03,2.445623045391811384e-02,1.856461436802505629e-04,2.489687860926192986e-02
2.064497328462861631e-02,6.755529930187015308e-02,1.266422113388822671e-02,7.088301655343911059e-03,2.565944227321120819e-03,1.735772656446429125e-03,4.537514122247272505e-03,2.206492286620052173e-02,1.654134806980371228e-02,2.533403132528438614e-02
2.352995359106301379e-02,7.444312206873814064e-02,1.350965116528443991e-03,4.515759949787646367e-03,4.774442116452879293e-04,2.959060582444348296e-03,1.542429354229141354e-02,2.624338432501051657e-02,3.041495866062344372e-02,1.879656600768727509e-02
2.353575585875803539e-02,6.215276025690585904e-02,2.514749886031349829e-02,3.959275992414995615e-03,3.354892671723437234e-03,2.343993475665762365e-03,2.180171789502449026e-02,2.723991024591455173e-02,3.738075813483320020e-02,5.001679245184968876e-03
2.345382732928873171e-02,3.113819715924423873e-02,4.774741232989443418e-02,1.442981726166652108e-02,6.938510922049423955e-03,3.260359713640919362e-04,2.704137386660464618e-03,2.085130171358855894e-02,3.516814203805756350e-02,7.505886719740338317e-03
2.455034838209052897e-02,5.998426534875749873e-04,6.275455019732081863e-02,2.259938447157144870e-02,9.733072472226027977e-03,3.237672217267931109e-03,2.489057988163372384e-02,1.384785163280253563e-02,2.630961850975222643e-02,1.342943941543257164e-02
2.356056025794290437e-02,9.508497199473988845e-03,6.543529431721274714e-02,2.615370391904259934e-02,1.197462183349945301e-02,2.062086508561658364e-03,2.350038744306291033e-02,1.121401251828371345e-02,1.744956379874016208e-02,1.936670183439772805e-02
1.739885450555454793e-02,9.604140832781236925e-04,5.210371755076212419e-02,2.465140689226843693e-02,1.303718956254568129e-02,5.206238081371890314e-03,3.372445653866668752e-02,7.592514866621857469e-03,1.562787000661154668e-02,3.222134791913750657e-02
8.538400908839852144e-03,2.122476369735626367e-02,2.561641590933960710e-02,1.841927266096778093e-02,1.175109835899073966e-02,1.495456669812167579e-02,8.985037052156626125e-02,3.390923710551792432e-03,2.107669177843299671e-02,4.554673158265761662e-02
2.398534451160960930e-03,4.345241168035934159e-02,2.357896569217404065e-03,9.050435952603304302e-03,8.295508289436877292e-03,2.136550978654599628e-02,1.591254560231374904e-01,1.870272434820115584e-02,2.369266383107494073e-02,4.760725713095281808e-02
2.521489954398802632e-04,5.091529426255120283e-02,1.780316829202733056e-02,9.102830612867134552e-04,4.968286898721939460e-03,2.240174901684546804e-02,1.839388547293038245e-01,3.123160536952339014e-02,1.262755390297486471e-02,3.794894517740292350e-02
5.558568552024218713e-03,1.481000416420062346e-02,1.374849230850226645e-02,8.660931822452610541e-04,4.295079899773452184e-03,2.169971697962859783e-02,1.643022169332014892e-01,4.071671835241010701e-02,1.120549181828768039e-02,2.663950329568990152e-02
1.894305436041927859e-02,6.795342677845711554e-02,5.239558282062936438e-03,4.037325410117192405e-03,6.380218524306231244e-03,2.396012194758908448e-02,1.459332990607499769e-01,5.144388946120082712e-02,3.735802005554274968e-02,2.069979559783551373e-02
3.629298088697127667e-02,1.509731159506724762e-01,2.580727991876085800e-02,9.706605659515095408e-03,8.426968783111644934e-03,2.884025312806558564e-02,1.471339562997338868e-01,6.165060685433783327e-02,5.628834009745401629e-02,1.860153028939767750e-02
4.712838123386350192e-02,1.820253005268425150e-01,3.405515695962608308e-02,1.034634527570892429e-02,7.104325398493224406e-03,3.149826136033305468e-02,1.476890730927308548e-01,6.457760313130576912e-02,6.134619495540688527e-02,1.624758809064822881e-02
4.668068071437363881e-02,1.575991044793879636e-01,2.419728552412840628e-02,6.117724261724887154e-03,2.008225575425476132e-03,2.900947044603976316e-02,1.346628003373459281e-01,5.922635942573074852e-02,4.771392404552531746e-02,1.306810134850677416e-02
3.954408583057331117e-02,1.120262353312977410e-01,3.943501301233049436e-04,5.391441832162083454e-04,3.452030365557608518e-03,2.333057679607828880e-02,1.164767361055890210e-01,5.112810927748991791e-02,1.983948398747945735e-02,1.125639746182895314e-02
3.152379376409438633e-02,6.953912432495272522e-02,2.830441670018627939e-02,5.321457090552096127e-03,5.840991308208705324e-03,1.760282914350402850e-02,1.000778663914333455e-01,4.339433839743483956e-02,5.470076954476326032e-03,1.109650471874854862e-02
2.396371646799638072e-02,3.143850316860128530e-02,5.191443443993058043e-02,1.211748086059749596e-02,5.567075893915279794e-03,1.212528176527325093e-02,8.196484268999408573e-02,3.446244278319495619e-02,1.528318594212048180e-02,9.697317631193620377e-03
1.611718445641405553e-02,5.825934798431761088e-04,6.162434707043343285e-02,1.743198958679871222e-02,5.217655498868975505e-03,5.136813384322170065e-03,5.645893561135805622e-02,2.274264016177538275e-02,1.528710072411222122e-02,4.986878952457972879e-03
8.087667171505424218e-03,1.554268155712846058e-02,5.581820756041666609e-02,1.725079592867228423e-02,5.654730263749351525e-03,3.588037575014554718e-03,2.018770707315818008e-02,8.333584122621631382e-03,1.603874331249065255e-02,1.706550510519184690e-03
1.186232940210522674e-03,1.153334174778272540e-02,4.406475301256598809e-02,1.258080814660384253e-02,6.013051005448595727e-03,1.137005093192790771e-02,2.399795163364590311e-02,7.124643113180895160e-03,1.292062312779034168e-02,8.020533948580750236e-03
2.988899046921880166e-03,4.760655171848051335e-03,3.909581024992038467e-02,9.489832093201316585e-03,5.828447915784858158e-03,1.519633649820462291e-02,6.265987147823640080e-02,2.012911648332559034e-02,2.506592475173643683e-03,1.236940620244187175e-02
4.824888953330589217e-03,1.067754907191698598e-02,4.539059977065475204e-02,1.123504136355794533e-02,5.204999825107654160e-03,1.480646853486401390e-02,8.044396427466302124e-02,2.786781349019672172e-02,1.965936515855527464e-02,1.312931092856848593e-02
6.692202615249560893e-03,2.679690456482626895e-02,5.926444632993669442e-02,1.464479784924227306e-02,4.325505672400631156e-03,1.209962445984347039e-02,7.406608800338748688e-02,3.008782468521289249e-02,1.945896389806907670e-02,9.955987860064297035e-03
8.615164543011290255e-03,4.292244346508925640e-02,7.553906778577208769e-02,1.574657673803761537e-02,3.771688774263142353e-03,7.870730557947677036e-03,4.997494757852957020e-02,2.576318016317975801e-02,3.625141557480743119e-03,5.917597385156432924e-03
7.309591446232912432e-03,5.851288237142714815e-02,8.789317622883274783e-02,1.489339504427488782e-02,4.031870002198617055e-03,1.456645307273411911e-03,1.446985608755353009e-02,1.265990430241179659e-02,7.317639296422798548e-03,4.954420000263777026e-03
1.855996306333019662e-03,7.612938693933210543e-02,8.743508226802050587e-02,1.428142866349441271e-02,4.600134211594846326e-03,5.664589502316654673e-03,2.348834305226145738e-02,5.956699902880514472e-03,3.923751586613954956e-03,7.789755070756607808e-03
3.650938891645525482e-03,8.253420940672376305e-02,7.035752489121263609e-02,1.395100004784404629e-02,4.678818302564842491e-03,9.120570276693513306e-03,4.802718780123763770e-02,1.981000165461150458e-02,3.687856151337963202e-03,1.248288469377264488e-02
4.686843147152662883e-03,5.680039572096381301e-02,4.610272467724146200e-02,1.292344045415131509e-02,4.330039270302367231e-03,6.590299463702918928e-03,4.571961336850995788e-02,2.076093762088152342e-02,7.318116951277273477e-03,1.761513821892042586e-02
3.522617673810632963e-04,2.860598289037143398e-03,2.898743354411102702e-02,1.170595469531783388e-02,4.082433658538348747e-03,1.017210914600489690e-03,1.741914037815877822e-02,1.014018343140463477e-02,1.098048006347558322e-02,2.275646287146123117e-02
6.737797058872740247e-03,4.541971614840298321e-02,2.129375345897980068e-02,1.107756771005583701e-02,4.031864637619069110e-03,2.819506363543048798e-03,1.980173560343838693e-02,3.466330639196976704e-03,1.675853210454147924e-02,2.607649049251707651e-02
1.193908064225195249e-02,6.045063992787238355e-02,1.450084118258605434e-02,1.046514169949050270e-02,3.951185068002172757e-03,2.952766595049658750e-03,4.274847301922836407e-02,1.106300590054505768e-02,1.741854935056390968e-02,2.382714359326816578e-02
1.166352133564505129e-02,4.575576974203167391e-02,7.284558773840027653e-03,9.568484581206161688e-03,3.788016317290192336e-03,7.640350038596580755e-04,3.895595993280947383e-02,9.228170374083806415e-03,8.120591006861407196e-03,1.478538162087092607e-02
7.424990518742284606e-03,2.048727012415888990e-02,8.165594013443196186e-03,9.472074331848741660e-03,3.646864648744869118e-03,1.194134910023630577e-03,1.206669082537312893e-02,1.319454049380402831e-03,4.884509771028642394e-03,4.055012603785587699e-03
4.686629084970273321e-03,2.717110253635080398e-03,1.779790163674471043e-02,1.052730231781267949e-02,3.552464985832921342e-03,1.470715757702702707e-03,2.897698804780898460e-02,7.126854646266569948e-03,1.123591349426356426e-02,1.972358067449452284e-03
4.974745361397815355e-03,2.000977434917004805e-02,2.337207623301485251e-02,1.085381665299542213e-02,3.453952556871225498e-03,7.713259974404299522e-04,7.474354059577008325e-02,1.346848937863548250e-02,8.188410697013218109e-03,3.761899150621706919e-03
1.924026739808352288e-03,3.030210626460381335e-02,1.438486558105798313e-02,8.000240499358827334e-03,3.339096637172345866e-03,6.020582768048489408e-04,1.083778809039281921e-01,1.846320624387687639e-02,2.541520249883243241e-03,5.994161703385716446e-03
9.820565623358460186e-03,3.146056259687980000e-02,7.096886312477491965e-03,1.526401028228987220e-03,3.233881453711412706e-03,1.029269211013516096e-03,1.084740425179730045e-01,2.257144590087301755e-02,5.484596212251171936e-04,7.793700888314485965e-03
2.428789142147461458e-02,1.920632218391789270e-02,3.237928512560218908e-02,6.070426703935104945e-03,3.141927041566055373e-03,9.837495577854136856e-04,6.849921659775401461e-02,2.297425538167813253e-02,2.210181039602569786e-04,3.753545209692453130e-03
3.025344544352192439e-02,6.290737124753057949e-03,5.253747305043290905e-02,1.105282521388251463e-02,3.043687932362218029e-03,2.905745730333550198e-04,1.201052637415741565e-02,1.702727349883225230e-02,1.821106703781078841e-03,4.547385165786972834e-03
2.574937849802991924e-02,3.198142825424295232e-02,5.913789694387461271e-02,1.134830738963352702e-02,2.940026932559300712e-03,3.098988200964221070e-04,2.073621888926567569e-02,8.015781592076106493e-03,1.815883954268058577e-03,7.520053806072801023e-03
1.814039518282217073e-02,3.938584990828698784e-02,4.730440798334370478e-02,7.489179388124144257e-03,2.854148358517367631e-03,7.007241265553034630e-04,1.128213616649745982e-02,2.260371172169459847e-03,5.103424371979991582e-03,1.504094620808832383e-03
1.194990635040717002e-02,2.300512494489528881e-02,2.183781038615506195e-02,1.276999272725877488e-03,2.778808420684443243e-03,1.442619857612763160e-03,1.722618072481200274e-02,5.240661925359545257e-04,1.664740936679569988e-02,5.176032907193781583e-03
5.483969619508066370e-03,5.532381342183904753e-03,2.252194881734888559e-03,5.081710105959924562e-03,2.671661850967537409e-03,2.723775688793386371e-03,2.871855390458155632e-02,2.282762490073612580e-03,2.877003576445680624e-02,4.513819324957977705e-03
1.897221012368648574e-03,3.143541658685666124e-02,1.018857873925690244e-02,9.206577678956304883e-03,2.549084738484422991e-03,4.184849159838342249e-03,1.243109673901372607e-02,8.880456348770861263e-03,4.168090038947136478e-02,1.363424390667407728e-03
7.225059139099432315e-03,4.921763713960607828e-02,1.545634121775333247e-03,1.007522409050923794e-02,2.500677962149161319e-03,5.371485198415230054e-03,1.775103045523185666e-02,1.592617845597769227e-02,5.422103029766485449e-02,7.049625557158810743e-03
9.108595102350128953e-03,6.251824934751387675e-02,8.950562947076664069e-03,9.321848767203466321e-03,2.501969999450411042e-03,5.991289431102810037e-03,4.434790827224231041e-02,1.892829426789080505e-02,6.127702014920539259e-02,1.187633076234801723e-02
9.839976087813728789e-03,7.551810627913509155e-02,8.444907824108031577e-03,9.296192164656779527e-03,2.323311704258842862e-03,5.907257341610534090e-03,5.258855964132327920e-02,1.684489323532449567e-02,6.168604340387563029e-02,1.593456287240470337e-02
1.082288163652803115e-02,8.527451353988928229e-02,1.449813627785802609e-04,9.789659145410394697e-03,1.767830309672422219e-03,4.848039987329036404e-03,3.490425606206114945e-02,1.060469619832023550e-02,6.003278394722726119e-02,1.546763450707998137e-02
1.028175080137589542e-02,8.483106670857486209e-02,4.051552767957414605e-03,8.392780566534474573e-03,9.484275151342232060e-04,2.682795891712149404e-03,4.325606842264398053e-03,1.208490933354995720e-03,5.829310887751251724e-02,8.348020055201235343e-03
8.244747445324697444e-03,7.653958090278858983e-02,9.936907468985839778e-04,4.587236888168197586e-03,3.899675249022273305e-04,6.943859228316094688e-04,1.242606806434080370e-02,7.601594411309136635e-03,5.464811432389568568e-02,2.964604011252092923e-04
9.483813494617425802e-03,7.574513678846150899e-02,4.916675076929257794e-04,1.540420175814567793e-03,7.553123310704736157e-04,1.243233737780435541e-03,5.417188966432695887e-03,9.216287175068635026e-03,5.069916995387716702e-02,3.329566343281103145e-03
1.632887563830338201e-02,8.980674990017344095e-02,6.705331438431856063e-03,2.077633708326780647e-03,1.798491444429254835e-03,4.402516478601130497e-03,7.338804184685344262e-03,2.621317315433780402e-03,4.903939525656545589e-02,3.109725274382663107e-05
2.172117787574796496e-02,9.769441070761186729e-02,1.722371268171415254e-02,4.254778812973623175e-03,1.748402481089106949e-03,6.408105950396823618e-03,1.623971973044004624e-03,2.071703781407792030e-03,4.402623267671323254e-02,4.758466908971861579e-03
1.640165326227491227e-02,6.982205546139583219e-02,2.004579389563154387e-02,3.668472019067543430e-03,9.062023030497919074e-04,3.991776767995383265e-03,2.927951798747067610e-02,6.061909240652636581e-03,2.806754057734807059e-02,7.676247043356759781e-03
1.702556744828118271e-03,9.661823036517845978e-03,1.333922329084779625e-02,3.603203288118597041e-04,5.063340421705195445e-03,1.030881659099794042e-03,6.827368957416533879e-02,2.413172981476958273e-02,6.854245907147088479e-03,8.684670974833108570e-03
1.191260997140951988e-02,4.544978406401435633e-02,6.154134446276318324e-03,4.205698520623297847e-03,7.968800332433309888e-03,4.255674512600119558e-03,8.649165027928368277e-02,3.830987784718845740e-02,6.420138187389302573e-03,7.066813680278767260e-03
1.799540535256401175e-02,6.705281709117014155e-02,4.421866342974675561e-03,5.782894374763627478e-03,8.431470216924828731e-03,4.352050360958310653e-03,6.880017666507649843e-02,4.035450572557058857e-02,1.066460946529775022e-02,6.491428006610258823e-04
1.823480429942840597e-02,5.884272151309648258e-02,2.518147566686623935e-03,7.397031111014970746e-03,7.771212128570592105e-03,3.298460506182380753e-03,2.819695130502148164e-02,3.358453131965092459e-02,1.490416831018366410e-02,9.752483299823418855e-03
1.499707215844917237e-02,3.909855345406480082e-02,7.676714190037721951e-03,1.167467852862720361e-02,7.749358181302862074e-03,2.586028896690004131e-03,9.122902531778966789e-03,2.384304679355023909e-02,2.029696130067489002e-02,1.920832450643650269e-02
8.739300238585519590e-03,1.974536799829567507e-02,2.543107005435035761e-02,1.746269948332948574e-02,8.416548307863655834e-03,2.321279473903490112e-03,2.694511541973279578e-02,1.386194685742672510e-02,2.023490684702909659e-02,2.382926639904688754e-02
2.519656806726967239e-03,1.322463195513361427e-03,4.215510797252632752e-02,2.084432233299929327e-02,7.999529276896077262e-03,2.547415291294802004e-03,2.773960816568266097e-02,6.012301566101579085e-03,1.389021466482353445e-02,2.377036931558901625e-02
9.551626903280571561e-04,2.180428076963603079e-02,5.031872417856812774e-02,1.910665939111028111e-02,5.044228056746754424e-03,2.543842823483318145e-03,3.052691307714673619e-02,1.583216533671352256e-03,5.976794585362035436e-03,2.050315463406759617e-02
4.339512201861406293e-03,4.636273749164943753e-02,5.141650693212004852e-02,1.395641105233868216e-02,7.797598810923604077e-04,6.843320650965695803e-04,5.571267699139192259e-02,2.192830427969433976e-03,2.918389362603405601e-03,1.508437093544139594e-02
8.743639701901001829e-03,5.319730864155178263e-02,5.445289889901903241e-02,1.032212647954674697e-02,1.791231808284885971e-03,2.386952332042594719e-03,9.724944716017946966e-02,7.765037447883409855e-03,1.603558215647858665e-02,9.224951286075339096e-03
1.043886697005912134e-02,3.032900390079513661e-02,6.150297891049789911e-02,1.013381217436846830e-02,1.643355728120648399e-03,3.236635432500752519e-03,1.209064198357654440e-01,1.313299594205313142e-02,3.213718043186703649e-02,4.472227309309075374e-03
7.756389035775224615e-03,5.893569374294983440e-03,6.030329934909511858e-02,9.166704742830624614e-03,8.462756177345824105e-04,8.179809171300901323e-04,1.072788856166124460e-01,1.703186608943089639e-02,4.283519224197224196e-02,1.239649764274239818e-03
2.090426602764725549e-03,3.139886222166472785e-02,4.195481786878962199e-02,3.338683635474673159e-03,1.272616986720474276e-03,1.633297826095225780e-03,7.906200543367022937e-02,2.183672514303318379e-02,4.020788216142586607e-02,6.390293417564314737e-04
2.248294714347717771e-03,4.135866353102599091e-02,1.841799270441770234e-02,4.246020625037876146e-03,2.317308284756638536e-03,1.839744349932765201e-03,6.818003674866013331e-02,2.735851821810704812e-02,2.578551898987320457e-02,3.717210221711053468e-03
3.028826028681058918e-03,3.940628266830404486e-02,9.241366939931328073e-03,6.853413957023739810e-03,2.728020926941880295e-03,7.756544466077113951e-04,7.856284643919607402e-02,2.992200345651595608e-02,8.639546169121463046e-03,7.497227183845477441e-03
3.383649969126709296e-03,2.399883847682060881e-02,1.749812470590198996e-02,3.275975784635095159e-03,2.574922124231731994e-03,1.313537597166867642e-03,9.665626434936624989e-02,3.012182101237523973e-02,4.099606323500427398e-03,7.209346512869561213e-03
6.830620410893344444e-03,4.777727324469603805e-03,2.939784793937164076e-02,8.801072562848728624e-04,2.507209599751685641e-03,5.617285001737619236e-03,1.127995099930028944e-01,3.313637810578676929e-02,1.151190079217367067e-02,3.454624084281761147e-03
1.248616839121294286e-02,5.762213096500729687e-03,3.165889018097137880e-02,9.137614537671752239e-04,2.688162128307003493e-03,1.116032258274371816e-02,1.197033572047082051e-01,4.034655296656857598e-02,1.796240141013456457e-02,1.416019558543242171e-03
1.773472023019981303e-02,3.271450979480500232e-02,2.137637644902687373e-02,2.035846648641779187e-03,3.017384014711066258e-03,1.556748285736429815e-02,1.124021944102738119e-01,4.732696548854316287e-02,3.088338482872568860e-02,2.845236163221180614e-03
2.177419793409972326e-02,6.062706317222694291e-02,2.556457064251239572e-03,5.025553233204379730e-03,3.271538974008505411e-03,1.864541346583445738e-02,9.750814261189864884e-02,4.983645952481977753e-02,5.372685014706885670e-02,4.003971978320365090e-03
2.491344360901498814e-02,6.622797053245138565e-02,2.072943177149694921e-02,8.449821883563284758e-03,3.054745715409174812e-03,2.107159625644738910e-02,8.924176464599070657e-02,4.799374569141032221e-02,7.924016734098002224e-02,1.118219637507031046e-03
2.726256323649238131e-02,4.980109999677154869e-02,4.555014506001937163e-02,1.386464733963763650e-02,2.504312999023426776e-03,2.162959435365854541e-02,9.525930958943246152e-02,4.533563418125879929e-02,9.362917952243139663e-02,5.403543513778038578e-03
2.862683980101368361e-02,2.085684612309274960e-02,6.625258955912169401e-02,1.889712023486556439e-02,2.401755996936774662e-03,1.934167485647844340e-02,1.092222666964201977e-01,4.447311956050076232e-02,8.806695025338036331e-02,1.120609514066789325e-02
2.816587068671688385e-02,8.747352144118942380e-03,7.523850433418181882e-02,1.873823304808214588e-02,2.817503693978797453e-03,1.575407000250756209e-02,1.135497488500736146e-01,4.381135207471166526e-02,6.732713885412176802e-02,1.198636958055024695e-02
2.503512568221965759e-02,1.582432121460271637e-02,7.089130428627213321e-02,1.281855733449612997e-02,2.908326043135691773e-03,1.263269873569843570e-02,9.696479055328471874e-02,4.123233418237427783e-02,4.855614560029351129e-02,9.073523239438744878e-03
2.048108325163442572e-02,1.566832240225462386e-02,6.128922875749615029e-02,6.419935800588086154e-03,2.660461353398672988e-03,1.027698768902884398e-02,7.495214496266294768e-02,3.990897703732077667e-02,4.658670317076144679e-02,8.756073078046216693e-03
1.754668631077607732e-02,6.222649126906070610e-02,5.727282574979451757e-02,4.635967491414984612e-03,3.074550397088041381e-03,9.182873742504437525e-03,7.528332869028955820e-02,4.462714846181725648e-02,5.787002115044363737e-02,1.340202909834250188e-02
1.705093865135106843e-02,7.907344719377788766e-02,6.168961983074056771e-02,7.073830520695426581e-03,4.100792743482483717e-03,1.006110751574777924e-02,9.708179348913702211e-02,5.240064600529811129e-02,6.425416179266721373e-02,1.734099834963408193e-02
1.545371235082053027e-02,5.520713744995699862e-02,6.513889022472720003e-02,9.369348163304560412e-03,4.104108171979569883e-03,1.150553149052650770e-02,1.072125074109615689e-01,5.280322055915093876e-02,5.327520592670103444e-02,1.467887965211066639e-02
8.931126093679060338e-03,2.044500859257935774e-02,5.626989399934519132e-02,8.458478800227308206e-03,1.932112699423347950e-03,1.025428902613789023e-02,8.015335029227434183e-02,3.848546799653642519e-02,2.839962954079462351e-02,6.435012135951590634e-03
1.160649939366728209e-03,3.604157379740377358e-03,3.865635052263702298e-02,5.386085824878384005e-03,1.528118895562960130e-03,4.575801507622858678e-03,1.948118375565000698e-02,1.186133569354382890e-02,5.250766324459725173e-04,2.727557903975818057e-03
8.922970362169744402e-03,2.628882136144373993e-02,2.792863862342109815e-02,2.977530192942540784e-03,4.415175283097119013e-03,3.584117247667075595e-03,5.357271436832409389e-02,1.694902431019717701e-02,2.837059435545999028e-02,9.546957002927101282e-03
9.990637605507744767e-03,5.448516562464925106e-02,2.770420501391807067e-02,1.639014100630434810e-03,6.146149982263485016e-03,1.021264179418679245e-02,1.107473394784868614e-01,3.556064475374171030e-02,5.198367611611182104e-02,1.165140946865944604e-02
5.819841437719911609e-03,6.857605963303960162e-02,2.226356699491558594e-02,1.148115067317055909e-03,7.823078829367601308e-03,1.271658557302852814e-02,1.262893597690022962e-01,3.648784466228579410e-02,6.305773703797093455e-02,7.345878836031662432e-03
1.751997229088721880e-03,5.006436487258839746e-02,4.064874927668790314e-04,7.345643276745362528e-03,1.024275202538453555e-02,1.151913923971449767e-02,9.637637695394954407e-02,2.361579592952322074e-02,5.441413848577182633e-02,1.668274211227835759e-03
1.073377407747610340e-03,1.151943805713956728e-02,3.213224731633711889e-02,1.587606385751717114e-02,1.248483472922004740e-02,8.562224401148425465e-03,4.558672750594856826e-02,9.493436573857570032e-03,3.393208179897047594e-02,1.104769516399708648e-02
1.487226521976962434e-03,2.114615328499349495e-02,5.615965190333740975e-02,2.347689918635945810e-02,1.285993273634515946e-02,5.059790579854088130e-03,4.683552849715160761e-03,3.159763085213076941e-03,2.000302503710597868e-02,1.850878954787030586e-02
1.626587326238885384e-03,3.988179947425796873e-02,6.241002557331669365e-02,2.662441576853775624e-02,1.039137164900858640e-02,9.065443720658448350e-04,1.572304843648351935e-02,2.039317357564277358e-03,1.824469097986018001e-02,2.489671833151994862e-02
9.078719419054396070e-03,4.876778206973537283e-02,4.952025202768336326e-02,2.328397769766839265e-02,5.415955388528130750e-03,3.798723919674962864e-03,2.435852261158130694e-02,2.166267245288336883e-03,1.540612278449225887e-02,2.979996401782252641e-02
1.682582180992659923e-02,4.399602997315654046e-02,2.542641985520944364e-02,1.502148881914021523e-02,1.696120219327237324e-04,6.813765509380002861e-03,2.589789473450245655e-02,1.085329019730992689e-02,8.596115455683970251e-04,2.906986821402349555e-02
2.047281611315144439e-02,2.283285072795378234e-02,6.375684930512303880e-03,6.939245632093864365e-03,3.688196845632255114e-03,4.940800922799322599e-03,1.261126055423210206e-02,1.540776164644740154e-02,2.091390532285797993e-02,1.950005965325641438e-02
1.856509758551104505e-02,2.146760168568017779e-03,3.662098616659183702e-03,3.117703966264371348e-03,4.076218825658073537e-03,1.454446900103514590e-03,1.395134853637691047e-02,8.275991275985069770e-03,4.199713187279330295e-02,4.880685797571677163e-03
1.200007601070596230e-02,5.620666160724307851e-03,1.396981048861628202e-02,3.126089268463466166e-03,2.854151164615805879e-03,7.000290415868656510e-03,2.957428532150462377e-02,6.192289162576230382e-03,5.891502876498848351e-02,6.037702254931656340e-03
3.014786099360977113e-03,3.437743566483872359e-02,2.998905878690855120e-02,4.910776040743702192e-03,1.712125946476884169e-03,6.708364213616014281e-03,1.182060734506207994e-02,1.541300553333290781e-02,6.810685182958241268e-02,7.887731681664868905e-03
5.077184226218345482e-03,6.504224768881806951e-02,4.968361692015609704e-02,7.745089921904126096e-03,7.584801925943223961e-04,1.733688676862404389e-03,2.995846974977617316e-02,1.263985240455087547e-02,6.777292246965498090e-02,2.830451561302609314e-03
9.979888530890056869e-03,7.572346628325153650e-02,6.728678146528156712e-02,9.840308136857137469e-03,3.763322256909382157e-05,1.760910321614189353e-03,5.801112072911772388e-02,6.012120107189883843e-03,6.249304779900686363e-02,2.911676756353360346e-03
1.296870003756464551e-02,6.237659165014499546e-02,6.957384885211852221e-02,7.935096776192446244e-03,2.001456474439521180e-04,1.283730804496447829e-03,3.427576981476315732e-02,1.156970137974708268e-02,5.565712424062972674e-02,4.944537176798376871e-03
1.686318488325347711e-02,3.171927275677590558e-02,5.016999316155261457e-02,2.026307838969892451e-03,8.482618559338198083e-04,1.017236256646654631e-02,5.027909554702312406e-02,3.486499822976919100e-02,4.199567137293020586e-02,3.927467916771595728e-03
2.130990781029421313e-02,7.871830402837818458e-03,1.756736120996260989e-02,4.160439434762429334e-03,1.004539991812199032e-03,1.893125918897477916e-02,1.606138435931394881e-01,6.250767535433958411e-02,1.568275152323506810e-02,3.100837586656028828e-03
2.318055166437125308e-02,4.457947101061374151e-02,1.411557552091284584e-02,8.343568045721640875e-03,1.292115307769919940e-03,2.189149632477475557e-02,2.383648635935824989e-01,7.687824213033529752e-02,1.912731645956341694e-02,2.320566032993117821e-03
2.173440195431271607e-02,6.427475204236145212e-02,3.402409156539531326e-02,1.047012063037855087e-02,2.803237377738701519e-03,1.974065405944261734e-02,2.516634126553740636e-01,7.533651103226490786e-02,5.157915432280640866e-02,2.217054308372544934e-03
2.016148990649219847e-02,6.306085635685997060e-02,3.720595802974672323e-02,9.587543619946842580e-03,4.499303803089911916e-03,1.844113085750518494e-02,2.190441201703708929e-01,6.840919685401158912e-02,7.384928422368194911e-02,1.077927477314178858e-02
2.141930091768101327e-02,5.327567084846940304e-02,2.851327451969726257e-02,5.598771724554808295e-03,4.541036287941361757e-03,2.094040804312303009e-02,1.790436485003742695e-01,6.355993242219634687e-02,8.442693175426016494e-02,1.780958024230086187e-02
2.437904795650377640e-02,4.986392285344114217e-02,2.079093916002821771e-02,2.167548050096154699e-03,3.352861311980239768e-03,2.275607477025885783e-02,1.477107856671509289e-01,5.869128272188957329e-02,8.631722550844675435e-02,1.929027259221898286e-02
2.470195397476105531e-02,5.658430174269397234e-02,2.138060087974389539e-02,2.554809941404874093e-03,2.884117180141201279e-03,1.817314072326376914e-02,1.136658141326543081e-01,4.921331677245809749e-02,8.494268913293658019e-02,1.699587786740497375e-02
1.970401952095135467e-02,7.042604169756615240e-02,2.585970393234666292e-02,5.102488341408399457e-03,3.509274256701748560e-03,8.561660332731101802e-03,7.102370230177024180e-02,3.588556829373029666e-02,8.280350002358870254e-02,1.364136975174195555e-02
1.236910884100719810e-02,8.766830326270971807e-02,3.125100770235742648e-02,7.294581928654254692e-03,3.985163973164235728e-03,1.655368138943035623e-03,4.552155648509682850e-02,2.641711615833950214e-02,7.369835158413169662e-02,9.479125245143465994e-03
8.961415228012590065e-03,9.610965819730671322e-02,4.343579584522566650e-02,1.028055751384849247e-02,3.871443085080891137e-03,3.017510024319979348e-03,6.881901390456635070e-02,2.943672276986184291e-02,4.957614937993165549e-02,5.388252117909391944e-03
1.230547956948347538e-02,7.605773270621052351e-02,5.951977476830602742e-02,1.400237668686186987e-02,3.179481755933974332e-03,1.031943472940009127e-02,1.274290257259844683e-01,4.432456937024144977e-02,1.573650640742043499e-02,4.282587537568565209e-03
1.964107646471787219e-02,2.578146852818662127e-02,5.773136956501873779e-02,1.244808096867629742e-02,2.787021490854398780e-04,1.680762384576359875e-02,1.683581552590318331e-01,5.979014565135480630e-02,1.126756386135709109e-02,7.210890211432840168e-03
2.663811103654111639e-02,2.502354768458994391e-02,2.500067909919713102e-02,1.202821924533682436e-03,5.988522650630032085e-03,1.848786876954291655e-02,1.614366250127064195e-01,6.519941976818419138e-02,2.445878700645909634e-02,1.117386398807563262e-02
3.026027070071117195e-02,4.509066179950344672e-02,1.826889485811030583e-02,1.372125298066381727e-02,1.251707111382468172e-02,1.593661070302136717e-02,1.217327486846623424e-01,5.859818971900394857e-02,3.329037523363419931e-02,1.253908686287919655e-02
2.872827034029722115e-02,3.761568539323063842e-02,4.406260371406579834e-02,2.262946203162024064e-02,1.462976352623483051e-02,1.121249533644962104e-02,7.151464142663685464e-02,4.333228024331087225e-02,4.607470305561961466e-02,1.094121388656232700e-02
2.271888558814746245e-02,3.190424940123808006e-02,5.397982106672698233e-02,2.461129713521339676e-02,1.212061739155511492e-02,6.308085805144606102e-03,2.374399626267652275e-02,2.481278748463946332e-02,5.794743000256836335e-02,9.317321484482644911e-03
1.605046023816634679e-02,4.485152464612780082e-02,6.542357808635460015e-02,2.508575539763871487e-02,8.418913562451927138e-03,3.130033112059548220e-03,8.936207350211493317e-04,1.040171509737800731e-02,6.018765302425362756e-02,1.127525939241246118e-02
1.205308025723091266e-02,6.298551488894059414e-02,7.508480073275806965e-02,2.464584007649586739e-02,4.995387552915468189e-03,2.092593084224213772e-03,1.272494816741842616e-02,4.212847116271442593e-03,5.028433903347920286e-02,1.774809564196145120e-02
1.005322847625374043e-02,6.230401833358430869e-02,6.566861836605225600e-02,1.976991923783404104e-02,1.071726068663374524e-03,2.063761916261610749e-03,4.577993314576286887e-02,2.481174751486607370e-03,2.989354350232240401e-02,2.507728264680748539e-02
7.764284001917031407e-03,4.081783253104748904e-02,4.063924154335835093e-02,1.191991939129623604e-02,2.609376700047924633e-03,2.750709334832365880e-03,6.399225610111032581e-02,6.664004477990514638e-04,4.092225622294555845e-03,2.771550375580356107e-02
5.526696623843124073e-03,2.768865501140958807e-02,2.458484897917783199e-02,6.733251999599145637e-03,4.154234115129893171e-03,4.391387472371617584e-03,5.564727196579307561e-02,6.045920737186809626e-03,1.450998748946365734e-02,2.396946097940194295e-02
5.166233618894515607e-03,5.256860878796607711e-02,3.013707176680645305e-02,5.596333717028815873e-03,3.711663583091800566e-03,5.014756126513439036e-03,2.954251759228829211e-02,1.222374355396887644e-02,1.296656111561839998e-02,1.756804028854254407e-02
5.868193688712323997e-03,1.060676495165542299e-01,4.481610935145319968e-02,5.245132837718814896e-03,3.105191450123384513e-03,1.952390929404661333e-03,5.998214503705304873e-03,2.060843090367681096e-02,6.025516919527659603e-03,1.282048226989370571e-02
4.644010323654060649e-03,1.460402273363838044e-01,5.157416565570646649e-02,3.942149341813176548e-03,3.123480992724864645e-03,3.897758657718340593e-03,4.066041256279601113e-02,3.237271088907896915e-02,2.515269652850956814e-02,1.044076191094766258e-02
7.355930834850696494e-04,1.460345327386482484e-01,4.675887875126264609e-02,2.023753752746849759e-03,3.217465090221362581e-03,8.982401442260449717e-03,5.585428276671912384e-02,4.330318513901454391e-02,3.219722002568048413e-02,9.089751765087339050e-03
3.261205161534628215e-03,1.184874899764655487e-01,3.522428457716755140e-02,1.441207435402244979e-03,3.026318529795735558e-03,1.167832240194377133e-02,4.127208346024428820e-02,4.671056504591542674e-02,2.923730801666734463e-02,8.197375144956118090e-03
4.948245737891925067e-03,8.712421597155421693e-02,2.005518103515142175e-02,7.041686970824819099e-03,2.772950574947258794e-03,1.267669457019129399e-02,8.814397714939876255e-03,4.060340446999171488e-02,2.225045228707720271e-02,7.446477450977535655e-03
4.758119100587988350e-03,5.865127778124557684e-02,1.605184819940762807e-03,1.207525854292305564e-02,2.637107112692417543e-03,1.203488451712224523e-02,2.254762810880056589e-02,2.877823714665814214e-02,1.296329507645332252e-02,5.740451763489060749e-03
4.635593261470267665e-03,2.831735957994291689e-02,2.051308923369246640e-02,1.362651100398887087e-02,2.559865781400021655e-03,9.390179053813205862e-03,4.642868364586788532e-02,1.605355038837288917e-02,2.029272005213546975e-03,2.481447977030004116e-03
5.429279881374343697e-03,3.963165616442379177e-03,4.492470690005050116e-02,1.257590783132752493e-02,2.442148582847137196e-03,6.423928713001004348e-03,6.161200045462966735e-02,5.714950547461285398e-03,8.865690610173219965e-03,1.574539372894073492e-03
6.066549466836674426e-03,3.107232245934749351e-02,6.207544483753164172e-02,1.133656052335029439e-02,2.223843106398195029e-03,5.865866000940987701e-03,5.591620924034550189e-02,2.248891506597815605e-04,1.803229860103533824e-02,5.664123376566888857e-03
4.961722454325495635e-03,4.492195792734285376e-02,5.711319969218239812e-02,1.013367531108909370e-02,1.984254705715754897e-03,7.793728218401880549e-03,1.722374455413984082e-02,4.681027652778824849e-04,2.068408517007832084e-02,9.955782181355957855e-03
2.293432961260101662e-03,4.347635418744033586e-02,2.939895645236724822e-02,8.289870328256876073e-03,1.946281455356208044e-03,9.316597750928913915e-03,4.047613681425772658e-02,4.319400569728380074e-03,9.370163962255541670e-03,1.431709176331726063e-02
6.861914607498644262e-04,3.472738544438842140e-02,2.607245136134112885e-04,6.753979731126806031e-03,2.023487569298267844e-03,8.519717765303431306e-03,8.112923438372000862e-02,8.430733892319313208e-03,1.451214916811864250e-02,1.685008986447287388e-02
2.891130917347747246e-03,3.087859151674725647e-02,9.602704812142672658e-03,6.780250802176160385e-03,1.659209024528432268e-03,6.629618449117963622e-03,8.483437644629145125e-02,1.153192606012321680e-02,3.552437971279923112e-02,1.518990421724183623e-02
8.755743404793014939e-03,3.672689876883494797e-02,7.864206345820265974e-04,7.709733828543840171e-03,7.427135646995608638e-04,5.501132661455888050e-03,6.846848670326614872e-02,1.442781463244022927e-02,3.945176861900628884e-02,9.941672962205549968e-03
1.520805512078520459e-02,4.763271395529530827e-02,1.461431943972323760e-02,7.984202002379038945e-03,1.516634214457390263e-04,5.241831594616051457e-03,5.844682115904017983e-02,1.707274528874075381e-02,2.810223170511985322e-02,5.152947702529249788e-03
1.934067445383212333e-02,5.815564597571602767e-02,3.041699775300425040e-02,7.322166716488630323e-03,5.156561389653406156e-04,5.285983634291016586e-03,5.870873808801598676e-02,1.823116613615207229e-02,1.199811366459695161e-02,4.147865995582026254e-03
2.092552744863866027e-02,6.644370429032678271e-02,4.440480494934990335e-02,6.559898467537537969e-03,1.173666214757928530e-03,5.553307436760373909e-03,6.030420560734400803e-02,1.870180792910746542e-02,3.493699600088235897e-03,6.595304417658267963e-03
2.190654032953198715e-02,7.087396275906109044e-02,5.029786838524998027e-02,6.133887443706423359e-03,1.269116866105377993e-03,5.954601823592369989e-03,6.659424243938587284e-02,2.195794224075327955e-02,1.718168479522300465e-02,1.034512626229718880e-02
2.407179730906381515e-02,6.955723331069102455e-02,4.240112327798035291e-02,5.792867132653830783e-03,9.794439241981680623e-04,6.690234540221409905e-03,8.947122479317003163e-02,3.019701170790467862e-02,2.558497171077025317e-02,1.366686189938970571e-02
2.729829493902683271e-02,6.394330663950920091e-02,2.242124158687279142e-02,5.343475681722610095e-03,8.454051069256114052e-04,8.543865879759093146e-03,1.285963311894733618e-01,4.157361150606073835e-02,2.633375501453100176e-02,1.496662595805634682e-02
2.976150309519524223e-02,5.795074501598639766e-02,3.544786199636497295e-03,4.894451336554233450e-03,8.172202346990622805e-04,1.122788529909425626e-02,1.684960497418830361e-01,5.185892018240883389e-02,2.349770220033129894e-02,1.315596490134830245e-02
3.010988217528531852e-02,5.337039722355528537e-02,2.836176426117184221e-02,4.534766710752906153e-03,6.950556621191851959e-04,1.293701241650957109e-02,1.934342069343164550e-01,5.806169396942258143e-02,2.355468021062839812e-02,9.763346353049720538e-03
2.916321363802457795e-02,4.923748532775931719e-02,4.309505617194128724e-02,4.212245801874518053e-03,6.955698999476508460e-04,1.275867881059607016e-02,1.972071421223409449e-01,6.021321115438088567e-02,2.854639660033274698e-02,8.404892987279376920e-03
2.796263366909615758e-02,4.478119328069579685e-02,4.204212233142616550e-02,3.881587394211390672e-03,8.545360635435324476e-04,1.133353222995004371e-02,1.774796045033741887e-01,5.817435754631276879e-02,3.555990984277164479e-02,1.030257330673926483e-02
2.455976857294959320e-02,4.042788224748233850e-02,2.954812339619829198e-02,3.563181254770492364e-03,5.988322081293604143e-04,8.482262315643673486e-03,1.281008619400841042e-01,4.736400578517146326e-02,4.039199104595161266e-02,1.225728403099854598e-02
1.618040851513915385e-02,3.655289993399101628e-02,1.438805429756553900e-02,3.274687204131228931e-03,2.324867507755099406e-04,3.220731697398467215e-03,5.021303033568322999e-02,2.369740045097054951e-02,4.068798669805776674e-02,1.135077953633318801e-02
5.165061560123406295e-03,3.297158682277019637e-02,9.029512090922651307e-04,3.002773558607331646e-03,7.176588056798019867e-04,3.043479533153197348e-03,2.874666703747625479e-02,5.635103490445362087e-03,3.740352697516648867e-02,9.618704682953288163e-03
1.622873517446819271e-03,2.951053728442874780e-02,1.728720226936678039e-02,2.734924358500585677e-03,2.254256447909536664e-04,6.666125781064192665e-03,6.709218890083487596e-02,2.446305381243394500e-02,3.371065440225917698e-02,1.079669330322673496e-02
1.020624984901359611e-03,2.625364941464015597e-02,2.917328680868793225e-02,2.473178867034053850e-03,4.748615515872479150e-04,6.301921915835341850e-03,4.909146635258244962e-02,2.443541066634457443e-02,3.146344493642831697e-02,1.390441457603927046e-02
2.891717813143843303e-03,2.327814785421814664e-02,2.794969925378868250e-02,2.219520822375157555e-03,5.621521004066003593e-04,4.287766467649494796e-03,1.324049482432206049e-03,1.246598848844086317e-02,2.895916069016568964e-02,1.390995158599658832e-02
5.635277778705862980e-03,2.053638685741867795e-02,1.557882853406244127e-02,1.969375709826978217e-03,4.486129472838271516e-04,2.602425641586532390e-03,5.097532253144780590e-02,1.049641806331120392e-03,2.361990074608042584e-02,8.566979150493939099e-03
8.330009855813304970e-03,1.797834068859953394e-02,4.732416010448358898e-03,1.718473657175511584e-03,5.881917962468009766e-04,5.642859250949757571e-04,8.583464693943589074e-02,1.313278452799305877e-02,1.664213399048097841e-02,1.281883641784102362e-03
1.265938500603827448e-02,1.560887501011735609e-02,3.850990757093631159e-03,1.466068281973780755e-03,3.788069505164645061e-04,2.400130171495167344e-03,1.071173983541084257e-01,2.362143722980874702e-02,1.241696749463305945e-02,3.315099116189978382e-03
