2.089272791279009962e-04,8.562865973037948192e-03,6.533964205624192764e-03,9.852034098284665961e-03,1.071800858973950268e-03,4.749615933147354309e-04,2.180602310663157239e-02,1.175149474070838300e-02,7.957859514122799308e-04,1.656070000480659374e-02
3.689124404173247285e-04,9.933706207964432613e-03,5.564627917509613365e-03,7.850195575657286512e-03,1.129058380921448956e-03,2.448738464159124547e-03,2.954941971408968360e-02,2.846129282780002212e-02,2.196986419466050600e-03,8.857295357647622727e-03
3.777948666091703110e-04,1.205919754763960794e-02,1.179424733359861824e-02,5.661318354520717723e-03,1.218332104897205861e-03,1.774194507017244149e-03,3.467825915538206433e-02,2.715084794148604416e-02,1.650258586583819645e-03,4.917594531550627257e-03
2.989467697667332860e-04,1.407604104837352488e-02,1.689900138726333628e-02,3.133155541509965222e-03,1.297579882676683141e-03,2.827560273910505184e-03,4.119061306261047328e-02,1.136245115520369449e-02,1.109347434766058335e-03,2.262501366445326002e-03
2.886396866686507449e-04,1.232097763553144897e-02,1.510129778925213377e-02,2.878052325789141625e-04,1.345932902831380390e-03,6.810324127714164309e-03,4.822055122634828078e-02,1.455094077178883949e-02,1.761246384916924455e-03,2.427157302629631957e-03
3.197791893181837586e-04,6.910410135173663572e-03,9.586966149288755554e-03,2.385168764120552433e-03,1.420669923185542390e-03,5.674557041017352053e-03,5.032004700140645798e-02,4.195442963999337915e-02,1.516790778412960890e-03,6.967460144324578303e-03
3.200199775792112659e-04,1.494148699699104476e-03,3.950736990119871339e-03,1.609027236550243222e-03,1.517372949253032203e-03,9.539745305574423920e-04,4.434201271637828318e-02,6.081386804151601294e-02,3.203108115559408480e-03,6.947113937544355071e-03
3.018778490892950052e-04,1.808777124560083946e-03,3.409088111789817209e-03,7.252606835253987486e-04,1.522144518170560294e-03,2.147194290812220931e-03,3.013529735194610260e-02,6.930033994897866201e-02,4.625210506625814476e-03,1.005260023216277433e-03
2.987329758592627673e-04,3.311047521411765449e-03,1.202778480226852909e-02,2.095152965736270766e-03,1.459932877316206601e-03,1.624126712395740531e-03,9.769359854748475153e-03,7.237692513013960216e-02,4.012815389853189099e-03,8.357648061180538573e-03
3.051942301904641349e-04,3.726742330040411569e-03,1.593865531310001762e-02,2.883436975305139240e-03,1.569076028896467445e-03,6.631055556629411032e-04,8.001131026958072795e-03,6.921861504894830097e-02,4.854997895828329704e-03,1.636642062395508856e-02
3.084382528211533528e-04,3.657586495074320512e-03,1.348683356368187737e-02,1.498880512609907173e-04,1.799408423505956169e-03,2.601375151068229061e-03,1.089946966825879396e-02,4.652203446534897840e-02,7.887479823115634003e-03,1.963826943460486238e-02
3.121096673127225795e-04,3.767187065754574061e-03,1.229165661195181364e-02,2.678395198688828926e-03,1.598983860743291747e-03,5.974827128458930388e-03,9.890378357053824024e-04,6.525186610940526127e-03,6.975262874225504790e-03,1.980635835890531479e-02
3.172926749629380230e-04,4.252491201692258117e-03,1.750320496991837269e-02,2.377388021601963735e-04,8.107286217283209877e-04,6.831930915782521811e-03,1.193843284828378926e-02,7.424962628578410384e-02,1.827229893238222630e-04,1.958932937370734192e-02
3.203453808103423899e-04,4.593080040483662682e-03,2.283792252384861041e-02,6.037485811112682649e-03,2.784486574218740344e-04,4.858117502016518104e-03,1.221086783237947636e-02,1.206455096490537116e-01,4.236993623145540906e-03,1.550372946116051684e-02
3.319213365363710860e-04,4.434377943862207773e-03,2.135948853863336647e-02,9.503997019473091681e-03,7.106692970468616449e-04,3.283850403255815075e-03,1.082024808198879876e-02,1.256473135921823414e-01,2.606881666775783912e-04,2.281820727165518280e-03
3.586894248078438844e-04,4.526671688475661370e-03,1.761381491795464480e-02,7.839975513143703639e-03,1.528135617372824865e-03,2.990490954314370311e-03,1.588896311560916361e-02,9.957660934502796102e-02,5.996070450529795808e-03,1.520288198937050535e-02
3.720304618961805653e-04,5.550641756264443685e-03,1.917468511536959269e-02,5.667393318382096465e-03,1.715190452236629989e-03,1.647328778339498959e-03,1.732411041020498477e-02,6.204934185578568628e-02,5.826972567067323361e-03,2.419719638263136477e-02
3.573325630919929824e-04,5.661600920950440180e-03,2.265137561829315069e-02,7.485276413830403014e-03,1.266318518608336614e-03,1.001308545063333460e-03,4.461666134673768214e-03,2.770158361696933511e-02,2.658989497473083401e-04,2.031864158435603071e-02
3.776864961707969556e-04,1.573421417551505285e-03,1.899784578755567971e-02,1.235516764820958520e-02,1.059154544523459827e-03,2.144671646910270048e-03,1.213161249272015282e-02,9.443070134553326403e-03,6.528631340071878661e-03,1.309641256608743386e-02
4.650404782452334062e-04,6.174045624766946912e-03,8.112166383060693056e-03,1.645731723918848061e-02,1.470057607210840294e-03,7.254764057422905324e-04,1.406885507168140551e-02,1.132544321751617449e-02,1.043400709048707652e-02,1.261974491257765625e-02
4.832260715026450164e-04,1.154344254944070225e-02,1.359572772090710891e-03,1.808070172274908738e-02,1.535019231933432409e-03,1.386904694586812330e-03,1.576883672308641328e-03,1.725078774329617814e-02,1.185018087837037479e-02,1.755243039982833098e-02
3.591904100087646326e-04,9.415414916000529322e-03,3.330598181076624767e-03,1.890517108124430135e-02,1.973505392418933927e-05,3.277780770187400071e-03,9.542869092752377658e-03,6.425872309853039935e-03,1.048107912713080493e-02,2.015151973903547833e-02
3.835608287547835702e-04,1.959780612566543439e-03,1.004806669065349579e-03,2.061131166921640126e-02,2.789299945360208376e-03,5.852098404438065525e-03,1.097797271091038342e-02,1.730911005742513664e-02,8.180138613320106500e-03,1.776206590736785842e-02
7.303219296368377005e-04,4.172686110065063070e-03,6.184913408017935627e-03,2.070330777279187282e-02,4.601147762571387856e-03,8.615539959935070852e-03,6.687579509631371745e-03,2.919645340762619043e-02,7.909139780415826507e-03,1.334266083923477814e-02
7.481477817436322890e-04,5.646472133043813416e-03,6.666157442353152184e-03,1.444253983235337276e-02,3.924494953938510375e-03,9.224840011936701403e-03,1.026442624039525155e-03,2.030505206043474453e-02,8.630959624435125682e-03,7.618821449594811480e-03
2.495967800579247621e-04,4.561062114303876536e-03,1.494314155979040507e-03,2.365426915882385458e-03,1.603103781550315604e-03,7.002624793326125106e-03,1.366688334430877366e-02,8.613255622854164295e-03,6.850598184257795931e-03,1.281663745540104205e-03
1.474756232053828437e-03,3.818853641480688538e-03,3.991116271300674048e-03,8.288094665470889522e-03,3.120926054939440796e-04,4.256003670194109800e-03,2.465584346352262327e-02,6.565007595281481534e-03,3.232595825299280305e-03,1.072749084791539166e-02
1.418667941079863101e-03,3.733863074491065252e-03,3.900598081068356801e-03,1.185789415544564324e-02,8.290792798297870903e-04,2.908001810650823280e-03,2.234312023525369603e-02,4.894115875003655566e-03,2.675190602905109984e-03,1.489231265227737577e-02
1.712559837781171422e-04,3.422992971978974005e-03,1.710746300627223604e-03,9.375894303577471389e-03,5.464515393306628019e-04,1.944016007140377282e-03,8.814023924608591770e-03,1.655311848156938367e-03,8.203727366076257049e-03,1.434480403342353397e-02
7.542632431410470351e-04,2.797571674186433242e-03,8.371248057470047355e-03,4.170211275562173830e-03,3.470381693501888541e-04,9.469054972577681121e-05,1.862234701131976200e-04,1.557120583374083144e-03,1.767705706931897713e-02,1.592430733772256385e-02
8.041787259408190785e-04,2.200645681559443203e-03,1.264109844637501152e-02,1.768197069724590465e-03,3.805913098232814530e-04,2.216052483279165423e-03,3.049134573764222117e-03,1.093841788243827412e-02,2.569633395181289415e-02,2.232182708091581813e-02
6.909812851749697017e-04,1.616850258795056753e-03,1.358210350053725909e-02,5.686645741676458685e-03,3.840395874956834227e-04,2.795610192328359424e-03,1.265976361935588698e-02,2.657883297359387928e-02,2.776575300008526231e-02,2.977769319497099165e-02
6.019959841259946978e-04,1.034253041957808490e-03,1.202109270664572863e-02,4.512221755690849594e-03,2.946639832403319479e-04,2.091716315037512978e-03,2.497523303127623107e-02,4.047220897627090003e-02,2.385706680561050161e-02,3.567892883414864463e-02
1.126091458084608003e-05,6.438694297067653260e-04,1.098250489072096631e-02,4.262270560837392122e-04,2.288909894989529748e-04,7.486841686446255029e-04,4.210529301462626051e-02,5.713216015158270600e-02,1.851065674818946558e-02,4.029797069012280158e-02
1.030815546987240037e-03,1.585184689330488205e-04,1.315646292757553619e-02,4.037221313575519409e-03,2.161465019848918733e-04,1.705864684438545848e-03,5.960254658387988819e-02,7.296892387710890437e-02,1.667626948138158441e-02,4.097609546047890905e-02
1.995753771795336258e-03,1.147483480559082902e-03,1.546382056865201575e-02,4.462295670072433974e-03,2.029877748674107003e-04,4.896511522504626464e-03,6.629807222499253805e-02,7.611260203153727422e-02,1.898916958125316731e-02,3.244928734657374914e-02
2.755470576723110989e-03,3.121468804825811103e-03,1.121401542734909787e-02,4.677870990098182899e-03,1.765313996305506645e-04,6.711659905567806533e-03,5.899082880358875319e-02,6.483426911328001030e-02,2.165475193973845705e-02,1.561099000294317862e-02
3.192768530628413079e-03,4.376506685081562285e-03,4.866853931666790568e-04,6.043810853817297400e-03,1.603004176860394760e-04,5.732944353796030901e-03,4.582449829123858009e-02,4.362339640498467952e-02,2.139852026067524254e-02,5.015383550719202657e-04
2.754294311580342703e-03,4.012072832669307844e-03,8.110286611697417949e-03,5.811330912128301676e-03,1.564234338848292591e-04,2.373977125828042201e-03,3.234428893890691631e-02,5.337381916895354329e-03,1.929871752516276739e-02,3.780806211982283126e-03
1.353077412896371880e-03,2.883209377469781853e-03,9.080714527921017812e-03,2.497980939025245487e-03,1.551519653491740440e-04,2.218453487386121050e-03,1.571774197320175218e-02,5.428265265896213554e-02,1.853533050951442981e-02,4.411294644168020640e-04
8.486441548151570742e-05,2.377962375163459718e-03,5.871005714796949382e-03,1.885319651923111081e-03,1.623553130300479951e-04,6.189521154436563276e-03,2.215234420191312687e-03,1.109181007091747662e-01,2.026077030302109172e-02,3.198217796160345277e-03
6.776814998408203913e-04,2.677792829214682181e-03,2.211275390947358213e-03,6.467562148849755922e-03,1.777925428411622336e-04,7.425212774401870365e-03,8.754265391559535453e-03,1.313351733226245655e-01,2.425947323029169905e-02,3.150349447969690193e-04
5.666183625874480915e-04,3.014117933384546054e-03,3.759116791665620058e-03,1.281339890774577106e-02,1.809154236318035174e-04,6.201876184480299356e-03,3.113807395561662104e-03,1.120960501137635568e-01,3.160165215006510014e-02,5.622847930843373129e-03
3.999250143034655610e-04,2.987763013855126732e-03,1.284274490985618487e-02,1.982241026122681660e-02,1.785301922759096715e-04,5.396417134262239922e-03,2.111198099803955619e-02,7.579933415664405483e-02,4.184098697062146183e-02,7.706602478853158411e-03
4.083446800246360404e-04,2.822077129663758122e-03,1.987468406091761827e-02,2.252259467352584615e-02,2.153644382536606635e-04,6.525247255405524499e-03,2.751517461827944142e-02,4.319456269179314245e-02,4.851556680432139029e-02,7.299518198508939820e-03
4.293003031576258740e-04,2.700023231070045656e-03,2.047290157586220335e-02,1.881311060382140354e-02,2.716225722953225234e-04,7.673008982068844040e-03,2.037672539490703594e-02,2.764380424480020540e-02,4.484352517272267163e-02,5.356199658326355958e-03
4.077101230989295800e-04,2.509185087522908773e-03,1.795394782090557750e-02,1.382429633159711069e-02,2.475306573503114282e-04,6.476987268603988900e-03,9.834184561475396713e-03,3.702348580898188329e-02,3.526974774730837897e-02,7.034462362879101774e-04
3.986607833689764660e-04,2.144736610668512670e-03,1.850336336229480710e-02,1.373511176900431112e-02,1.823569219286171343e-04,3.890181977474677089e-03,7.997501384117205667e-05,6.165266905415595078e-02,3.144843106613171707e-02,7.582723021626877787e-03
3.408609958188102374e-04,1.696398209082354515e-03,2.182081156676949837e-02,1.691276742922876927e-02,2.914992176583287202e-04,3.625532068279650483e-03,1.124069915819852529e-02,7.579717390590993975e-02,3.294439810471488927e-02,1.183013671722951687e-03
2.397108601498900554e-04,1.268973079092136766e-03,2.165678878073267616e-02,1.594221690446522705e-02,5.033347426505448228e-04,7.057930416904757698e-03,1.988120031344365116e-02,6.407046937614965798e-02,2.465195303200450397e-02,2.665522068875093506e-02
3.143581608225969265e-04,7.614725163271863183e-04,1.496459470220369570e-02,8.329116529863088425e-03,3.115649852060468038e-04,1.004802689031713235e-02,2.292335628878300335e-02,3.478075883086594045e-02,1.095233022036523358e-04,6.221808766460168449e-02
5.125032143214140051e-04,3.231578772513442083e-05,5.609979616124680969e-03,4.386180048715484711e-04,3.985917329866867607e-04,7.656393488197621271e-03,2.861888489450368708e-02,3.887918187983659644e-03,2.631428278979623323e-02,8.293855262869925804e-02
2.825308209934018094e-04,7.134886798468785237e-04,1.352184862303865663e-04,4.912284236524959609e-03,8.791188993418221726e-04,1.081184287934192339e-03,4.338927195038735918e-02,2.118075576362774687e-02,3.776352797601535694e-02,8.164243720331954002e-02
5.057519112845611882e-04,1.169079312792975500e-03,2.972275500385788277e-03,4.308284067284852935e-03,5.133345926711245814e-04,3.609142447287539118e-03,5.706972933452039015e-02,4.110970291158304313e-02,3.224623957356737708e-02,6.884917185473375667e-02
9.879640807898238623e-04,1.724837005634968735e-03,1.610002140131816875e-02,4.619538380050639687e-04,3.224921474547580002e-04,2.858084176907707552e-03,5.643213857461960858e-02,5.826484892843604435e-02,1.808715262462777876e-02,5.773546327400914252e-02
5.225627283973482582e-04,3.037616910295627432e-03,2.979965658427287736e-02,6.380083643550676226e-03,8.240148579015354850e-04,1.681519908670344506e-03,4.358391196917362626e-02,7.066723021471238431e-02,6.573035868927008113e-03,5.447593336899910627e-02
2.546398207738393283e-04,4.196220824611838519e-03,2.746763887067330684e-02,6.190604080379621954e-03,5.239874432469318437e-04,6.868232461758919452e-03,3.037113908292987663e-02,7.072268840995758754e-02,9.341883146947038349e-03,5.693502802622175951e-02
4.721651559962091989e-04,2.855283952588184675e-03,4.724191263656980777e-03,4.109417795519863283e-03,4.619814188811452991e-04,1.104453620025184872e-02,2.389141452719239708e-02,5.563582617786032303e-02,2.791152055820465827e-02,5.722346535544384216e-02
2.516410992062283951e-04,1.533728664928250959e-03,2.227325421921075993e-02,1.739171813075239548e-02,1.388814722587108788e-03,1.377843792206079505e-02,2.346100171707098114e-02,3.560561304729192161e-02,4.715554425228018348e-02,4.962377884734105876e-02
1.566659510495400432e-04,6.252605123743605262e-03,3.622409358808620361e-02,2.364250572791680091e-02,1.542634624383546578e-03,1.530501587357646805e-02,2.476920797476583197e-02,2.169870112657839092e-02,5.123161759681580524e-02,3.688984620349061022e-02
2.556899234370280951e-04,8.431460314614003249e-03,3.690716614744493640e-02,2.263649839147978057e-02,1.078418583549014056e-03,1.585584488362275918e-02,2.427724039371886508e-02,1.247686573740872280e-02,4.130069160724395699e-02,2.498541390927045899e-02
3.052032790214513820e-04,7.965675343259944960e-03,3.326005308327424637e-02,2.033022765220003636e-02,5.435042186267163324e-04,1.426513553915718067e-02,2.248055086145961043e-02,3.073337832410501409e-03,2.779243335659149772e-02,1.437008438021371987e-02
2.653829119482085594e-04,6.281867276360948021e-03,2.846503826782760538e-02,1.764279170612521527e-02,3.819310191362877959e-05,8.816158842244492186e-03,2.208475302732090459e-02,3.643151358972030775e-03,1.294327343900603285e-02,1.746385944740695435e-03
2.480598260016759842e-04,4.001237043659530354e-03,2.019301464323828427e-02,1.095227278579189757e-02,4.829050465166326669e-04,5.168513995808469551e-04,2.217442434060531986e-02,4.944558824217974193e-03,7.607406548519116130e-03,1.192521695917473333e-02
2.728238502915139021e-04,9.781304832350242763e-04,8.379031711196969698e-03,3.199183804590662516e-04,8.028901745653558826e-04,6.700170605267255670e-03,1.724424399466024591e-02,4.605332100655551777e-03,3.094545243298832404e-02,2.052487897385859780e-02
2.870612551189833067e-04,2.457362290315590839e-03,1.965587431512289419e-03,1.250663436221914962e-02,7.947066963074299589e-04,9.911253529826897710e-03,3.103296700278118658e-03,3.663007241157408087e-03,4.593074103487600202e-02,2.017253880380466893e-02
2.804224295275203828e-04,5.396274837132038552e-03,4.454986554031321877e-03,2.073736885138855943e-02,6.797995424648521461e-04,9.142624772884334894e-03,1.878600911490466152e-02,3.601969451345474887e-03,4.597349509751632451e-02,1.462637214502800556e-02
2.769145092660030240e-04,7.405518122685823129e-03,9.108933894115657862e-04,2.089361678810636863e-02,8.068647303955846358e-04,5.493210792543139730e-03,4.288163518570260735e-02,1.947803860744294624e-02,3.549479261433124283e-02,1.175539552016626084e-02
2.812223457459871504e-04,8.703241944627069723e-03,5.439296955084500784e-03,1.292284473244945109e-02,1.225226790807815115e-03,4.761161295423730917e-05,6.258264271185416672e-02,3.749016221089421230e-02,2.287327388060091116e-02,1.525443005153807180e-02
2.817660957921816131e-04,8.763293704893109284e-03,1.948596699094319032e-03,3.158327332035980144e-03,1.389588445304459517e-03,5.212550976706079552e-03,7.164734727912512591e-02,4.971094268308090536e-02,1.173582070375895486e-02,2.135148459740368598e-02
2.758849291637950618e-04,6.652143646909314430e-03,6.779867597898663924e-03,4.563819694731461370e-04,6.849030054165799975e-04,7.577103098805839342e-03,6.496138208104597356e-02,5.340968462565158503e-02,4.736379005962603871e-04,2.342338748420098177e-02
2.687197742376680638e-04,4.087693135277466194e-03,1.552108466254895590e-02,4.092909620918870617e-03,7.109599668313272862e-04,5.927090853075537603e-03,3.991119656576774116e-02,5.029339981509185764e-02,1.206251332260313731e-02,1.736900629985512270e-02
2.614127635843361522e-04,4.749057677326616773e-03,2.522952431298647671e-02,1.108721737473247933e-02,2.293560939211175022e-03,2.870334708076021854e-03,4.854665173487215241e-04,4.413237221232055307e-02,2.232511886105147808e-02,3.113417324738772165e-03
2.514960311848269433e-04,8.188646486427307233e-03,3.601366018916244555e-02,1.139268078533090325e-02,4.272891861700139210e-03,2.711296623173473953e-03,3.941608977420971854e-02,3.938286014325160372e-02,2.495267011496430862e-02,1.505224941296313436e-02
2.384282832818223718e-04,8.888497216542201249e-03,3.926126874054401694e-02,4.438716649002385790e-04,6.893368319422771631e-03,5.579167321159860318e-03,6.376200401958091735e-02,3.868350360100992341e-02,2.055969365389563944e-02,3.062528578847259486e-02
2.234696984201287625e-04,4.297193214788105203e-03,2.747327582300927024e-02,1.997566115224300859e-02,9.214715162435634446e-03,6.571877690338235635e-03,6.842253576047062358e-02,4.089373048454534448e-02,1.808417297837586549e-02,4.084029473228092955e-02
2.070770823991025249e-04,9.640285002921667639e-04,7.891212117639984439e-03,3.471497323628836701e-02,9.917575970098792618e-03,3.670235952023234542e-03,6.176391478305817695e-02,4.364507479517424487e-02,2.492563818864930794e-02,4.680217548688810764e-02
1.889485569505437973e-04,2.110052459259325296e-03,4.347241320353275110e-03,3.669564802558856337e-02,8.972493584877269668e-03,1.717363139483024485e-03,5.290876365418338556e-02,4.782625633476603189e-02,3.630539215756551502e-02,4.621700400903178824e-02
1.692555165382721345e-04,1.163665411989261642e-03,6.277541777293745191e-03,3.266259730592389193e-02,7.882350911274066396e-03,4.471617189594913333e-03,4.660773829640191962e-02,5.486707414947891021e-02,4.302498316090497266e-02,3.442280973575854996e-02
1.485798631231057313e-04,3.318537070079285133e-03,9.645246910100100865e-03,3.600461705115526323e-02,8.412944622240493830e-03,8.613203214038975611e-03,4.485054654092038989e-02,5.798191764952394245e-02,4.844578981078812713e-02,1.517331353530713967e-02
1.272845244599937406e-04,8.991817438390954653e-03,2.068897044807624375e-02,4.830170200271115266e-02,1.056751512046169572e-02,9.912111233266986815e-03,4.583019661591630767e-02,4.498576370657796086e-02,6.251962938076312259e-02,1.878391359316663968e-03
1.056240789473981832e-04,1.311835876786613536e-02,2.974858451494862693e-02,5.651764765229653348e-02,1.188878687279584963e-02,8.751221096703539273e-03,4.499915959600534615e-02,1.576975891160293380e-02,7.937663342221902563e-02,3.884661606096187752e-03
8.411766565669342955e-05,1.179151978666857781e-02,2.883605205496063070e-02,5.122882218983679931e-02,1.036170286529720062e-02,5.385501836516623335e-03,3.944934231245658673e-02,1.249096571248650353e-02,8.267517850328118256e-02,1.439085820384066773e-02
6.327346712484340646e-05,7.001677360229880201e-03,2.830318226160475487e-02,4.010256450415555091e-02,7.649924035735285177e-03,3.154157483156665165e-03,2.769541890158996877e-02,2.459027131274705083e-02,7.490326666258144417e-02,1.521587421623927031e-02
4.319730887595656349e-05,4.059785077856186558e-03,4.402873659910434834e-02,3.771066249702036827e-02,6.953798206221346173e-03,1.643818078741801289e-02,9.088407953986710544e-03,2.316505439888870421e-02,7.701355003986846970e-02,3.566612089563287163e-03
2.415343240510093963e-05,6.035985160425512072e-03,7.483835596576904337e-02,4.684282564782139141e-02,8.106827668379480711e-03,2.693779052675471242e-02,1.093168902675551758e-02,2.025303520953209910e-02,9.593133312933020684e-02,2.979171835420913947e-02
7.175607013035812011e-06,1.187201532481281518e-02,1.037232336752329509e-01,5.662567808159549299e-02,7.781930279616145613e-03,2.808727018407100248e-02,2.109328089930241970e-02,2.107160864618056254e-02,1.144547098329491974e-01,4.147300295287704303e-02
7.155097737345003352e-06,1.768290413721639379e-02,1.161277935716933940e-01,5.672314293343763691e-02,4.196398551397793365e-03,2.206979534464596771e-02,1.714292964158569549e-02,2.157922549247552266e-02,1.153138185673120014e-01,3.486940437382893276e-02
1.997994805239518423e-05,1.830325776856093004e-02,1.080027642878945426e-01,4.627024859279525726e-02,1.311819939321295101e-03,1.569495240914263803e-02,1.011331393707297875e-02,1.805516316198183327e-02,9.712147439664506332e-02,3.131539158181936844e-02
3.160718352755083360e-05,1.145056303953876850e-02,8.293105107139438215e-02,2.964383232249000882e-02,6.752123842274512788e-03,1.138840346947471958e-02,1.449926529085957330e-02,1.332000707005014106e-02,6.744521657607940868e-02,4.685453601597604212e-02
3.880347376635327067e-05,2.818878444815113050e-03,5.179272876274795823e-02,1.139991393910462503e-02,1.057539106771220733e-02,6.153384370803979993e-03,2.925382407843547458e-02,1.231075659929131531e-02,3.796655494958456334e-02,6.270381731348144416e-02
4.020429244743297954e-05,2.016654075137937208e-03,3.040637805627001075e-02,2.738014440538420399e-03,1.117743676745696323e-02,1.088059813494844132e-03,3.661952699308303194e-02,1.554070589573879925e-02,2.632163948376406784e-02,4.628541641201640994e-02
4.223473607173680171e-05,1.058710298171577045e-02,2.793681553974801737e-02,6.719835100564619523e-03,8.253378672447483563e-03,5.402623535691127368e-03,2.297206505450827968e-02,1.954974515670008031e-02,4.400579619589345404e-02,2.146483459097562295e-03
4.771953267235481467e-05,1.959332161246676515e-02,3.841892738815662345e-02,5.104218269431672061e-04,4.068418279965624329e-03,2.007819474953377939e-03,3.181661076766061080e-03,2.116015565476247681e-02,7.773255363301867504e-02,2.598471736507775368e-02
4.295795210982417069e-05,2.154486048917839125e-02,4.727489685351390913e-02,7.054227881735208872e-03,1.183866703536892370e-03,6.857994639493420960e-03,2.117416216422927586e-02,1.966361615396060303e-02,9.647978188741339334e-02,1.231656719570388414e-02
2.171407619030609441e-05,1.770443447329849915e-02,4.339328815706712528e-02,5.601732591361733779e-03,6.662571552378662504e-04,1.594188861034312454e-02,2.365068760952024687e-02,1.580411697972372229e-02,8.151589222059454909e-02,2.170432786215900287e-02
1.343825612391278803e-05,1.086715855745136634e-02,2.513125569220367797e-02,5.625218705535637263e-03,3.776992867931610546e-03,2.444815555073193494e-02,2.135317668486497872e-02,8.834293406829545753e-03,4.282706354077252947e-02,4.329604020039339030e-02
3.275992004748100030e-05,6.070641821291663902e-04,2.611923247531856927e-03,1.553709996692199946e-02,8.508452328405557638e-03,3.368841585840518654e-02,2.387268566222338143e-02,2.165803761682675264e-03,8.171055961686612273e-03,4.226657095539274739e-02
1.788171756669379179e-05,9.394362509169531042e-03,5.926864389917063485e-03,1.248522979853448553e-02,1.185187039635992277e-02,4.084150461876816240e-02,2.775525504079704581e-02,1.092088136974234472e-02,2.810659144882564353e-05,2.611021483615649785e-02
6.317936354944934680e-05,1.050252255350165621e-02,8.864244922219714079e-03,2.791112231686742814e-03,1.110511678924044551e-02,4.122846803005804361e-02,2.386920483257404246e-02,5.431249817676526287e-03,1.657208236385859096e-02,1.071071732462805862e-02
7.813442307629210658e-05,2.633306254380624392e-03,3.328277420303144690e-02,1.818085520779644595e-02,7.258741808036539567e-03,3.423108435832673130e-02,8.257973530772554430e-03,1.569010104035180667e-02,3.400376477617637894e-02,1.066659115750908347e-02
4.631251952502054436e-05,2.316993078040091580e-03,4.358940418893457458e-02,2.293746804730711214e-02,2.810429980258338616e-03,2.287319532229936669e-02,1.336552410585944463e-02,3.671815752781606990e-02,3.094326480694694487e-02,1.757985780413911722e-02
2.856125747708292817e-05,2.404911649077350489e-03,3.196686182048552594e-02,1.575077577405976578e-02,2.044314376857457333e-03,1.000566457025285974e-02,2.930727930999885156e-02,4.307612788351738303e-02,8.231907894172794948e-03,6.945675103366672973e-03
3.056305496158377992e-04,8.582492182623906174e-03,1.007925992374393044e-02,1.367553207333854813e-03,8.417328778213484936e-03,2.763203659293190020e-03,3.406026939723728886e-02,3.777901294356753037e-02,1.912985363816441242e-02,1.953056323153929894e-02
3.244940120617315917e-04,6.699791521200009446e-03,8.331741146235154341e-03,1.513654131302466857e-02,1.481347985025104584e-02,1.372282311446114747e-02,3.463215784701974970e-02,3.284599263321562324e-02,3.945252585705874560e-02,3.004907984755518513e-02
6.586297990058306677e-04,8.507822420638624580e-04,1.704104974879155909e-02,2.901677575511760546e-02,1.715731970278291593e-02,1.924595003476871694e-02,3.820273681926292242e-02,3.306489461034410604e-02,4.982458875177853824e-02,1.112988240955481954e-02
1.897410746400507355e-03,5.992484262917677391e-03,1.608391601588808270e-02,3.660642087929096705e-02,1.376389087415863695e-02,1.457637538054686564e-02,4.012901412445362553e-02,3.441495105020769135e-02,5.441695877050774233e-02,1.567051017732472989e-02
1.884098645067513577e-03,5.740864244949280513e-03,1.336791511267763737e-02,3.949490644232946102e-02,8.362983108237067795e-03,4.357277480293831294e-04,3.372842105356751996e-02,3.184124527064195742e-02,6.260852341940094379e-02,3.053121505085883841e-02
6.189569245096395670e-04,1.896762726224922400e-03,2.081406672110505673e-02,4.356196661358040928e-02,6.342304045079611048e-03,1.755999510935830552e-02,2.405246403590671420e-02,2.389604820517565037e-02,8.295752713221117569e-02,3.438096803073701496e-02
3.896912262414720693e-04,4.050762268595224473e-03,3.884932856238303145e-02,5.100617467247437614e-02,9.164325044642577037e-03,2.643058635562059097e-02,2.169743077396115577e-02,1.291792800043706051e-02,1.141894993552361182e-01,3.023361153016500616e-02
3.949051004977645980e-04,1.169884979381045041e-02,5.390489271456417458e-02,5.839717263725104079e-02,1.420889624953235522e-02,2.385863382370240204e-02,2.810518925487721226e-02,2.509375571709177716e-03,1.434502403737680509e-01,1.621678555530629146e-02
8.284704964884315724e-05,1.953272054057682283e-02,5.906988069613072073e-02,6.405534566337604818e-02,1.867708897083270037e-02,1.439400783166666122e-02,3.269678567549300086e-02,5.333727075145831310e-03,1.570612466842703503e-01,1.120461318921131370e-03
8.493606142565480641e-05,2.449424552561738425e-02,6.530769021300607269e-02,7.101779469545969892e-02,2.138473849592641488e-02,4.254335854570067202e-03,2.252585970219812134e-02,9.920652618131717976e-03,1.531946056871227591e-01,8.047730888715095773e-03
2.264847629378127477e-04,2.515715090550937894e-02,8.450472321207794235e-02,8.100852412721466778e-02,2.197922480125652847e-02,3.027536755031547643e-03,3.168074195317014622e-03,1.043259319513559560e-02,1.404523562274804793e-01,2.286575683428331614e-03
2.253108290457778249e-04,2.468559195315584570e-02,1.121528901807591072e-01,9.103756808015750490e-02,2.143329326095907983e-02,8.347500094011459093e-03,2.684556419184675954e-02,6.850194287209844871e-03,1.257283655859489369e-01,2.883524139500464462e-02
1.545188269959143221e-04,2.781407047117564341e-02,1.345745279760447721e-01,9.801377883512481237e-02,2.252226470746340400e-02,1.626049258416704252e-02,2.934354623291158745e-02,1.787906083208416850e-03,1.121157288594169937e-01,6.154686003095035524e-02
1.467280169252163234e-04,3.482656046995849519e-02,1.464801394136522883e-01,1.030589505962772046e-01,2.589189326372492647e-02,2.856997064882905307e-02,1.304301683029801887e-02,1.545736518615634623e-03,1.078495119850951256e-01,7.026634553322996801e-02
1.697142529216369032e-04,4.099746846745785933e-02,1.519015693400618261e-01,1.082985856944884834e-01,2.628878798971138325e-02,3.804188229465065713e-02,3.174790970310346211e-03,1.226582195980116703e-02,1.208772180157058479e-01,2.681727994141021656e-02
1.605740475278487605e-04,4.122264604925033465e-02,1.487904383599752967e-01,1.100005142356286214e-01,1.806079381776210663e-02,3.472473603905978229e-02,9.298020390934687990e-03,2.828788556984809799e-02,1.395591849428656495e-01,4.800806593809767153e-02
1.342971317300771419e-04,3.391648628915971964e-02,1.270291058670157125e-01,9.957522091075439452e-02,4.434878931045884223e-03,2.013199147242655113e-02,1.040143612534051229e-02,2.968457431735161550e-02,1.398947716873606417e-01,1.021697891481820331e-01
1.228501024227918507e-04,2.291256835339578607e-02,8.973385681775807032e-02,7.633213094907537188e-02,4.568304442905592004e-03,7.905433636085427290e-03,1.432784461881334015e-02,5.139800904705039974e-03,1.217256915834180747e-01,1.188213055707495192e-01
1.197051025910646650e-04,1.560516410595017348e-02,5.983314935846214405e-02,5.448150975207794594e-02,3.995128474007559466e-03,7.743074413798727018e-03,2.955484920029649923e-02,2.776381407985132471e-02,1.117216361073156278e-01,1.091521708380049499e-01
1.064475047649410597e-04,1.489750234675988466e-02,5.028923746985709126e-02,4.628667287776238454e-02,1.349277846051299187e-03,1.544163922236350614e-02,6.566756331563140814e-02,4.165951320412874387e-02,1.159945786158471104e-01,5.816813653665913603e-02
8.730654695684905535e-05,1.415870227194644844e-02,4.403061531827145991e-02,4.178678950966652206e-02,4.227011340405944020e-03,2.167521603695139742e-02,1.178098717964635306e-01,3.419837675732720350e-02,1.015646078081706011e-01,4.189762016122123428e-02
7.992765766034790162e-05,6.130748272337938759e-03,2.221997119041825910e-02,2.225383716041540172e-02,2.702206479128806040e-03,2.427482432659705536e-02,1.601117223748656782e-01,2.734180769152590867e-02,4.817140226960942018e-02,1.264589763236704245e-01
8.153970515917934590e-05,4.809013561616261312e-03,1.727780039979741680e-03,7.038691162309112029e-03,2.873662591136453073e-04,2.737407176339616902e-02,1.705549449202885537e-01,3.528054176132754821e-02,1.084289977878110343e-02,1.197987291622275019e-01
6.635978147606210408e-05,6.192103993410711348e-03,3.418117653890332536e-03,1.761687963285636302e-02,1.456280528248571089e-03,3.232752577725381271e-02,1.531483730173714419e-01,4.805194713973264670e-02,2.590498434735323541e-02,4.878094775260232580e-02
3.867356473712060697e-05,7.227967797533052692e-03,4.562079905674581298e-02,4.411449440815751535e-03,7.326463012430317265e-03,3.500856577087319704e-02,1.256872504949487490e-01,4.802049372235833030e-02,1.234718855654445488e-02,1.481545199437665425e-02
4.952306926619744627e-05,2.675169877225659285e-02,9.595329035677446772e-02,3.678531659519720942e-02,1.399076649595949740e-02,3.169132971223331818e-02,9.889070222207571592e-02,3.274031439651215597e-02,7.243350771737777638e-02,6.415068579044251595e-02
9.280282468966254443e-05,3.784828315464206644e-02,1.122126531862728122e-01,4.392788034174294198e-02,1.571224725567680128e-02,2.368931310784170088e-02,7.471971209281925985e-02,1.588043290000881388e-02,1.168032523864354633e-01,1.496150874466488090e-01
6.228522923214967807e-05,3.207641335098070090e-02,7.411651479790742902e-02,1.402032942149354644e-02,1.092325649703200854e-02,1.548245596661267445e-02,5.206146638748768846e-02,7.774980860684623310e-03,1.247192724254998775e-01,2.080634809331648460e-01
3.192157422012103206e-05,1.260991606466522683e-02,2.107946456704245901e-03,3.270232223505756264e-02,3.323559728218699119e-03,1.087165910529898534e-02,3.152883800356906518e-02,4.626841345112233522e-03,9.958345675283879206e-02,2.255396734672286407e-01
3.898875370911450937e-05,7.848543860123780719e-03,5.845513637027956871e-02,6.860020173206378413e-02,2.808534680973348574e-03,1.211964944338558489e-02,2.387799520213762516e-02,2.720813419452765367e-03,6.490520615015883676e-02,2.305344172669192837e-01
2.688486155053288590e-04,1.421359584131873764e-02,7.401851645675416869e-02,8.109308659509847916e-02,5.046110917740305110e-03,2.009701820040769513e-02,4.442383623816297672e-02,1.019867200758450138e-02,4.650358599844365420e-02,2.529972996658119144e-01
1.265541862494304240e-04,4.416592913745456470e-04,4.325803022240376494e-02,7.151273197387875147e-02,2.798789633475464670e-03,3.118279657446343389e-02,8.539340042266489739e-02,3.174035728694193231e-02,5.530399254622590105e-02,2.927194712652077535e-01
6.430319061559218539e-04,2.087051599703479421e-02,9.480641910373469039e-03,4.855546229731128732e-02,1.321433098153321738e-04,3.536675723298293023e-02,1.087233451987553168e-01,5.438279052619878623e-02,8.263939976165692036e-02,3.222118774674397890e-01
1.243156957928197737e-03,2.687726900331384103e-02,5.124417172348985638e-02,2.837997614477073480e-02,3.223498759188796886e-03,2.430703263849906537e-02,8.750443510950314807e-02,6.195293771378164449e-02,1.050026605878813801e-01,3.211104202315662737e-01
7.537902705915090025e-04,9.707214982472402512e-03,5.938269094853228930e-02,2.644537320064396096e-02,1.430295659997051806e-02,2.580386895711728797e-03,4.284294049790642045e-02,5.243538405654091239e-02,1.003595965310687677e-01,2.966204553607350580e-01
3.611022276620083583e-04,1.516802375726648833e-02,3.427188022467012041e-02,4.246891826936822351e-02,2.614444455715702470e-02,1.554315844842520285e-02,1.634853899185179787e-02,3.352108085555839667e-02,6.740802408572695026e-02,2.627632974358513063e-01
6.000284832024141250e-04,3.123143553968166578e-02,3.997363150678201124e-03,5.969214469659327171e-02,3.167634775307346523e-02,2.142458942995360133e-02,1.572186880303453119e-02,1.252955467692795123e-02,2.106812556374768053e-02,2.198597233434353426e-01
6.005403642179254521e-04,3.717478515550048240e-02,2.812991255245982439e-02,5.960362441366035685e-02,2.942259842050221758e-02,1.768340459608587489e-02,1.327760295489779571e-02,5.455707154115328750e-03,2.858614123870147419e-02,1.661098213354622599e-01
1.931099979475708363e-03,3.657703929230116807e-02,2.189122501370283080e-02,3.869473742210646772e-02,2.161415400501623743e-02,9.381745276324980620e-03,6.454499058170942716e-03,1.856225219834634760e-02,7.886682122644068926e-02,1.069393906315391912e-01
1.815789988566378658e-03,3.060511501676319371e-02,2.086961443097784183e-03,1.657248749205166016e-02,1.308313600839596490e-02,1.313280338417194010e-03,2.540581679054433953e-02,2.873525030629051763e-02,1.248491113673514397e-01,4.521691075328237303e-02
4.978391621344961790e-04,2.526870979008574714e-02,8.883378323751280059e-03,2.026240616783505852e-02,1.035841329607982593e-02,1.024977870344179892e-02,2.745645830293282769e-02,3.713922857863006383e-02,1.617251025827163569e-01,1.708527144192369118e-02
4.751386489944035233e-04,2.826824989021547302e-02,5.518563644266803042e-02,5.190767443057148905e-02,1.610574248834643202e-02,1.009478752766770557e-02,3.510406768821210111e-02,4.115324897901717627e-02,1.862484574497484113e-01,7.095811258099429808e-02
4.681547126393750054e-04,3.690451781409308241e-02,1.062231419011743783e-01,8.348190148711258363e-02,2.557782979685838121e-02,1.330966870817805285e-03,8.458046311104509829e-02,3.845812659568205449e-02,1.900050435529984372e-01,1.119287276403512915e-01
1.869797081780719432e-04,4.098812068054885627e-02,1.243586138593484325e-01,8.921929293534963668e-02,3.148199476493800109e-02,1.687580074696145432e-02,1.667890254215272372e-01,3.100892933491027070e-02,1.635860421155750088e-01,1.441440405440885253e-01
2.105241053341855664e-04,3.519509511524928497e-02,1.078733129600236151e-01,6.857502166502696395e-02,3.074431278635828338e-02,2.818026973174183117e-02,2.249920232250030572e-01,2.398131726984807643e-02,1.111489588899327724e-01,1.606619140076744612e-01
3.540006326981801283e-04,2.293800109466606271e-02,7.954539060313549348e-02,3.836741342481184147e-02,2.559198150102573455e-02,3.408982361015493873e-02,2.222103447712685531e-01,2.338991522888487010e-02,5.986308170697075132e-02,1.481972910806137744e-01
3.595266283686362444e-04,1.289288007794352556e-02,6.440139975153577612e-02,2.025254516138958946e-02,2.050300506174035711e-02,3.781962117155832082e-02,1.818127860841508570e-01,3.231207109368160885e-02,5.061436898829869968e-02,1.237893070559976799e-01
3.047519444949848503e-04,1.117192054276987950e-02,7.310569641979559885e-02,2.833475674173828451e-02,1.866372653152414962e-02,3.933333908646408777e-02,1.485079447393229113e-01,4.474004874271256954e-02,9.933247852712955017e-02,1.334938052703222022e-01
3.101895071092172968e-04,1.253407026126548106e-02,8.418065921665059126e-02,5.060128366592531179e-02,1.917202796300879197e-02,3.491619928861595251e-02,1.388364721370255461e-01,4.676450178777492861e-02,1.683167002777660737e-01,1.958479311546260648e-01
3.412079121439711956e-04,6.882620103503937076e-03,6.322683101134682349e-02,5.567431835861031547e-02,1.766998501104622907e-02,2.399404801561026354e-02,1.447585121682967990e-01,3.001013403553730655e-02,2.048637458864729921e-01,2.694647460021627472e-01
3.410838966379890628e-04,1.527075715645028180e-03,1.928850304655494244e-02,3.386674000889184494e-02,1.149594869352955039e-02,1.253400561759408609e-02,1.568930987355220963e-01,1.153984901604529359e-03,2.006726061924580806e-01,3.017775683511286777e-01
3.252122532647987977e-04,4.227744612366109503e-03,5.809511159711322134e-03,1.169067516004281687e-02,3.177821172539740252e-03,6.402498023728457090e-03,1.657778254713467014e-01,2.529350655540921894e-02,1.821137337776305709e-01,3.034976495388919671e-01
3.204700338467894659e-04,2.623589981763720103e-02,4.162601854327896422e-02,9.774093868876669589e-03,3.114491538696759990e-03,3.295941271513743928e-03,1.604914483339963949e-01,3.884821788817421212e-02,1.610949271222849588e-01,3.390275452713248372e-01
3.207930451970233054e-04,4.295620073864394456e-02,7.552255240831498573e-02,1.155963060952771952e-02,6.695458996624291392e-03,3.418091265164372936e-03,1.399979642624435416e-01,3.645631383422361788e-02,1.294614022481188065e-01,4.298567998003395285e-01
3.140622214481543994e-04,3.763849148314060700e-02,6.259486388532234380e-02,4.337726418714826782e-03,9.349231089934153388e-03,1.313529591314756273e-02,1.144263859952261847e-01,2.145677057889438383e-02,8.739470225459121389e-02,5.113792234274695536e-01
3.022692763220768486e-04,1.928300374528872652e-02,3.125545333824836930e-02,2.450338652790562052e-02,1.126922097475980059e-02,1.685623765592744738e-02,9.044477551760317369e-02,1.561892643609817839e-03,5.332536735523760174e-02,5.095303082222557567e-01
2.911735034566209960e-04,3.655441013575862381e-03,3.038206558377556238e-02,2.281005573363630717e-02,1.153328355284291909e-02,9.705034711132255049e-03,6.387424330940660866e-02,1.694898220802843608e-02,4.690921346345734710e-02,4.166636738109122939e-01
2.828120878557133884e-04,1.005647915729236154e-02,4.961138947949644828e-02,5.105618174508616894e-03,1.127495670318098310e-02,1.373580883852785345e-03,2.950295225653459461e-02,3.412664021236498646e-02,6.486676376965729018e-02,2.777803392671120974e-01
2.759995542606542710e-04,2.735536694213067457e-02,4.692063420793700368e-02,1.641787563417932555e-03,1.254179480963824381e-02,6.142926875197711120e-03,7.352314711061786259e-03,5.378053352191525943e-02,7.792045250646172094e-02,1.452842864880143359e-01
2.652503134482782614e-04,3.806356205140471599e-02,2.575482329412328089e-02,4.948415863135161713e-03,1.479058339638922130e-02,2.124581607663432112e-03,3.640272458595314453e-02,7.730485274418197328e-02,6.210631717721818573e-02,4.953039233614255077e-02
2.494511365715934245e-04,2.881009318409690975e-02,2.550002408653495242e-02,1.620105726623286869e-03,1.597532511572788763e-02,6.826120977256594849e-03,5.735902617246316226e-02,9.897825982368257947e-02,2.671517865679523540e-02,1.663102470316432657e-02
2.424648166666395479e-04,6.586654036895511766e-03,5.214031365486999914e-02,1.918627849045122236e-02,1.577598446613723282e-02,1.649118972624430413e-02,7.597245744586057781e-02,1.049194283072564793e-01,2.287958433725976667e-03,7.554573665580482933e-02
2.503671377633820655e-04,8.441463407917362827e-03,6.960747998902935829e-02,3.639877950836740289e-02,1.442581416918632155e-02,2.125356406582033092e-02,8.571414061911469817e-02,8.369080813204497760e-02,1.685273097797559960e-02,1.167626408607294886e-01
2.443272345801151190e-04,6.862165009916287341e-03,5.218790577703665695e-02,3.076175523227913516e-02,1.049239016753688962e-02,1.441898336617748397e-02,7.063610239483840425e-02,4.452880815869041109e-02,2.853764077395443133e-02,9.209535577460012390e-02
2.105408557236964381e-04,4.799597111410635990e-03,1.159338464007252795e-02,8.078940539095604695e-03,3.415555472564328621e-03,2.839119638725864491e-03,2.800847171102056193e-02,1.522868552013768688e-02,4.309482243299947446e-02,3.126391705244616764e-02
2.112602233991105508e-04,1.491586969208279385e-02,2.258839121610366554e-02,1.183394252664247276e-02,3.684237746046303656e-03,1.878753259311677359e-02,2.327600014851476801e-02,1.399557146785782719e-02,5.183509262268263390e-02,2.181231266273556124e-01
2.787843217263378105e-04,1.598820481215263226e-02,3.132440682971286000e-02,1.784253775544629439e-02,6.824744968806811460e-03,2.409942292590731144e-02,5.614396443483370830e-02,3.331020220533340015e-02,4.763728333756128003e-02,3.730307862079760284e-01
2.813286717145486895e-04,8.855236463380824000e-03,1.665540999032118219e-02,1.288744704289271348e-02,5.492972568596642471e-03,2.181639051024644033e-02,5.550131417623065111e-02,5.609415594762606760e-02,3.065085534162443129e-02,4.173590865663666105e-01
1.461941024746859531e-04,4.493911601085567777e-04,1.048863934273713480e-02,1.288214919727840744e-03,2.154316706817925673e-03,1.880563953261170720e-02,3.017081581148265898e-02,7.600216920209862392e-02,5.119279273473916272e-03,3.591243042938740415e-01
1.553422224493330875e-04,8.450654135370026104e-03,4.436639200837256408e-02,1.799854080170060905e-02,1.501870829122601506e-03,1.394894213792399924e-02,1.598323273280659838e-03,9.648694409164793040e-02,6.651202375989997972e-02,2.670765365131324010e-01
4.831063903168878793e-04,1.410907926005174756e-02,7.742365412950774628e-02,4.182713509044097555e-02,5.684162693387627245e-03,2.254735358521161442e-03,2.041192751359439256e-02,1.170530561395764779e-01,1.336027552905924287e-01,1.906284815690275358e-01
4.980100653338373094e-04,1.359555798038024517e-02,9.304844043437508760e-02,5.885289592651343771e-02,9.500232314582806800e-03,1.316340803013972376e-02,3.978889715164714291e-02,1.268287573384360156e-01,1.657165985338622527e-01,1.344432331446726303e-01
4.859634853427393145e-04,3.881892311788058981e-03,8.319497757797546245e-02,6.200242882521971033e-02,9.431670032698251729e-03,2.061774334966758743e-02,5.445491672259347715e-02,1.163071410767142072e-01,1.492055636554854015e-01,8.835698666477789787e-02
1.722425958210103145e-03,1.058568465073593534e-02,6.119121831309839998e-02,5.495621852912733335e-02,3.643389079870292587e-03,1.155944084920567522e-02,5.053012486824263322e-02,9.452619502515346994e-02,1.139105207104612882e-01,5.017927526259079174e-02
1.704552598324784486e-03,2.193697138282808823e-02,4.217919342221461421e-02,4.269103568513511054e-02,4.057871652616864416e-03,1.050772190243413895e-02,1.640415673461429955e-02,8.118387799172638308e-02,9.092908715562085520e-02,3.331424814990618238e-02
4.325869739734396549e-04,2.776780606997682199e-02,2.540886140088472259e-02,2.633668117090504079e-02,8.205950180902135335e-03,3.278603424583047959e-02,4.315431043941066885e-02,7.856640872533270092e-02,7.976324143719568105e-02,5.463402419156351136e-02
5.870301203281272319e-04,3.114869353549259284e-02,8.454746008088749251e-03,9.393257377278002584e-03,7.832563196645695239e-03,4.385595960969630724e-02,1.008181004859699248e-01,7.071478777380064973e-02,6.696345471823809958e-02,9.213967720439097953e-02
6.070297170973996135e-04,3.215621503833668987e-02,1.518733844382768542e-03,1.702182834658803878e-03,5.431225428810099003e-03,4.252729168019078743e-02,1.191621808599351989e-01,4.974120739994501023e-02,5.009580622813888939e-02,7.679023971323346853e-02
3.089696038390707345e-04,2.309339847841526336e-02,1.245529855053890099e-02,6.011425077767830298e-03,2.676406242228040674e-03,3.648542808837439144e-02,8.439573209700436396e-02,1.652474341493431753e-02,2.947038199539349368e-02,3.302835205469771551e-02
3.240371856947282044e-04,4.178967652955714249e-03,3.064203644718506772e-02,9.609622004993630465e-03,7.116417844622014138e-04,3.241268101074791519e-02,2.368983810148054397e-02,3.492455128710637846e-02,1.549040989684042626e-03,1.854698820057625319e-01
4.863475491145097056e-04,4.675548797637741477e-02,3.910449877557164999e-02,1.682169512006502846e-02,1.680362762415354289e-03,2.993954551948464771e-02,2.168039741364383849e-02,1.015275140189427217e-01,4.295444739246954968e-02,2.786921844856144470e-01
5.132349349768842170e-04,9.030713182967223251e-02,3.407009718236975182e-02,2.472890279061631946e-02,6.414417128410555141e-03,2.619875042374228413e-02,3.441378067049712108e-02,1.556708985292503400e-01,8.062927225173140144e-02,2.609097907483717838e-01
4.576305003827904811e-04,1.188440374643397746e-01,2.327244339113640828e-02,2.735896001776709843e-02,1.256785629697723498e-02,2.180438340574402875e-02,2.790842260897624313e-02,1.737615625321055624e-01,1.040529176512979548e-01,1.669460633434168839e-01
4.511756175835446910e-04,1.224048315111739837e-01,1.213523112604104545e-02,2.264924912635846166e-02,1.714828721000212150e-02,1.860531960174565194e-02,2.347694684350225269e-02,1.627265204944720600e-01,1.183033096711761378e-01,7.199349722438976029e-02
5.031418708903156187e-04,1.013313834586202500e-01,1.954837359786903029e-04,1.456564311987257158e-02,1.918550506127967084e-02,1.501473972396601651e-02,2.797073698141544149e-02,1.443271336207122280e-01,1.303074350691956207e-01,3.325062631052613793e-02
5.521967638840778693e-04,6.849312206540987547e-02,1.535588894399245521e-02,9.411354154731196853e-03,1.893624793242745796e-02,8.277915483526694651e-03,3.587450238290300353e-02,1.308255805322374454e-01,1.366453125665034185e-01,6.266582717974386596e-02
5.230189160714688841e-04,4.145093402301128216e-02,3.292507664522485722e-02,1.108308455472562307e-02,1.631615972335029308e-02,5.194547598891541274e-04,4.792918236198397824e-02,1.196727048425452467e-01,1.329378110359729082e-01,1.280851691250279867e-01
4.398992674349606761e-04,2.704275244729544350e-02,5.224300937626348562e-02,2.009601430926200721e-02,1.116979748053200348e-02,7.547800301734461544e-03,7.116065586517811292e-02,1.023243134719791503e-01,1.245070867257621616e-01,1.818433942148700855e-01
4.895820988402601031e-04,1.800351990771954097e-02,7.335261720669147834e-02,3.490163377936171540e-02,4.240416329878419176e-03,1.089036777960961794e-02,9.696959918820353963e-02,8.089992926209786661e-02,1.205008331043692371e-01,1.990007916616430006e-01
6.848252086304331505e-04,6.697430146373417603e-03,9.409998182163294145e-02,5.106996266203750467e-02,2.736640479285670866e-03,1.129900933657992934e-02,1.022050576844764913e-01,7.220646378754928818e-02,1.227903581034965053e-01,1.847968720401962084e-01
5.848851569167372484e-04,4.578115636594386369e-03,1.066108678185271746e-01,6.060950516698623836e-02,8.081995191010713994e-03,1.013041184485608676e-02,8.300634035779311248e-02,8.314324986559534780e-02,1.245150553911020114e-01,1.553028644129648694e-01
1.549691924307887241e-04,9.728613432054751889e-03,1.014122126950280645e-01,5.730542524256827808e-02,1.154935298000960876e-02,9.186383469064800245e-03,6.559104570246751531e-02,9.273114984993725829e-02,1.177015922014083005e-01,1.295603367966918495e-01
1.203859502413765154e-03,9.499597816179530460e-03,8.004619040511012917e-02,4.430020801352974047e-02,1.412468350971137453e-02,1.085224358800064223e-02,7.160959937035808742e-02,7.777367744068544586e-02,1.010254135291458744e-01,1.284346262677611150e-01
2.108752754202693983e-03,1.216880397848620066e-02,6.000750470399392883e-02,3.282575454032869711e-02,1.628082221928268958e-02,1.581861875678781601e-02,9.384615264770899967e-02,4.435555766931929128e-02,8.167306822856651438e-02,1.605943915202418526e-01
2.871611182326394909e-03,2.430919597031342555e-02,5.850849154462372387e-02,3.112863241611848325e-02,1.766144935344227465e-02,2.172291296375194330e-02,1.167909765089935048e-01,1.222679366880899399e-02,7.083380457893162507e-02,2.161037765797855781e-01
3.341916174606024414e-03,4.153599908961925352e-02,7.137693243895980311e-02,3.654996416155272682e-02,1.825026545389357713e-02,2.561836820121601507e-02,1.375287462851459697e-01,1.544251386990734554e-02,7.437663020051668572e-02,2.776919550252304192e-01
2.906776704010042775e-03,5.139443646143830591e-02,7.818145257081192401e-02,4.083453720140542420e-02,1.814453744443898092e-02,2.651766727718420785e-02,1.508428538971154642e-01,3.945194549542419687e-02,8.619545896398703166e-02,3.256885216038947761e-01
1.492965285403614764e-03,4.846541938387344955e-02,7.031352571698877563e-02,4.113489839803573245e-02,1.688765334677303290e-02,2.402510800250235237e-02,1.354809578614564192e-01,4.149529217412040866e-02,9.497587961372051801e-02,3.394171258068832131e-01
5.032128672837313558e-05,4.160922400611277022e-02,6.018737414817175446e-02,4.065298661072223874e-02,1.420443988744525717e-02,1.620255134616810366e-02,7.652542782376162145e-02,8.137972189335193618e-03,9.641353235404451216e-02,3.144294149171841801e-01
5.435592504296818655e-04,4.114463890390639839e-02,5.796730909923031999e-02,3.955735965066866505e-02,1.018354080916202171e-02,2.304007357125600636e-03,8.984480687733813892e-03,3.800453185166798031e-02,9.116384265472486648e-02,2.728821460425815415e-01
4.323095337273225080e-04,4.595334961251214267e-02,5.711093706313416507e-02,3.375495667784912668e-02,5.065126853244088755e-03,1.231353060579409679e-02,8.217401736521290356e-02,6.351537204934751268e-02,7.514573902486952617e-02,2.436514876572623556e-01
2.661058207291025057e-04,4.999300307996452919e-02,5.082943236621015326e-02,2.371703204939290197e-02,5.502736026110968681e-04,1.847567192723960361e-02,1.131948389202416944e-01,6.650771223652487962e-02,4.374242040961098116e-02,2.390803131888929456e-01
2.934413419494130921e-04,5.313444342558967803e-02,4.416899601607340853e-02,1.535930851054616991e-02,6.916941717128484435e-04,1.279371098617861080e-02,1.008630390005595678e-01,6.902580707067595966e-02,2.872424242215189036e-03,2.534739486692753618e-01
3.429837373893049909e-04,5.728928090643836679e-02,4.158749477778906495e-02,1.102601143827445195e-02,1.140632812165314532e-03,1.924658069695955268e-03,7.015271236871316318e-02,8.235885313174295952e-02,3.329944926778727332e-02,2.723958077410028045e-01
3.103492664178061845e-04,5.963372267254878761e-02,3.986275531026428620e-02,8.411825472897370079e-03,2.545228343462031459e-03,5.072910133110173844e-03,5.030430728829946019e-02,9.727909224530854881e-02,5.358383315164895466e-02,2.820446495558351363e-01
2.697081379759107668e-04,5.787462338389914862e-02,3.896644922912768927e-02,8.196679538376772101e-03,1.818210335132916869e-03,5.939106672495374044e-03,5.131534227351890187e-02,9.843174007679238169e-02,5.539309939009105094e-02,2.737300677226021106e-01
2.702135604811960103e-04,5.612128782820773043e-02,4.449584220575463628e-02,1.395041033528358204e-02,1.231025697402580955e-03,4.470354713204632673e-03,6.434907904876649432e-02,8.200388704106253979e-02,4.364257196619503870e-02,2.359318172578964978e-01
2.780894876376206314e-04,5.931730032928835689e-02,5.628842319335090189e-02,2.429786964554586995e-02,2.882355745244364557e-03,3.676422488690041495e-03,8.028962040298831537e-02,6.084731800552785341e-02,2.676884327919725609e-02,1.516324985763659594e-01
2.700101725663699918e-04,6.569243588330772599e-02,6.603133004203098899e-02,3.168967989042494743e-02,5.827238843655551878e-03,3.638819342355028609e-03,9.411706995548439758e-02,4.465275199568317227e-02,1.307147887977304877e-02,2.517631852819425531e-02
2.615242264163473800e-04,6.737977039739159735e-02,6.511961489133534509e-02,2.940049384929595971e-02,8.297975796510825147e-03,4.466868748820085507e-03,9.459778675538778325e-02,2.045522959619280878e-02,9.905826311088610989e-03,9.270999576158515942e-02
2.637316380549383789e-04,5.656966217701298733e-02,4.792354838781952286e-02,1.681539948430664511e-02,9.707280483409387595e-03,7.075318544238802174e-03,6.901023578920582879e-02,2.583775448235953176e-02,2.066033935545721900e-02,1.357866133703345968e-01
2.692408181997071686e-04,3.248632067313882155e-02,1.438498640347768767e-02,8.808610528892903135e-04,9.923638381319183077e-03,1.156682959972094547e-02,2.043070968111159597e-02,7.553788451982483554e-02,3.887057162770122393e-02,8.757563797155182295e-02
2.722940412152630467e-04,5.007458288408741555e-03,2.338307401254821616e-02,1.591972733320849015e-02,9.310063803584364348e-03,1.802443518931688693e-02,3.420615344711427919e-02,9.762955555343819092e-02,5.296816912235997876e-02,1.425304174491874576e-03
2.760390329377730646e-04,1.054852574855081465e-02,4.522257992909360647e-02,2.216788936813132715e-02,9.566231496972525325e-03,2.741453548658635830e-02,8.376943401206479733e-02,1.011605883573519910e-01,5.983871473431354171e-02,6.869179989155660415e-02
2.831966794462428567e-04,6.052575441567856207e-03,4.083809504546243030e-02,1.860759521156047161e-02,1.190594674220156815e-02,3.812097480512766784e-02,1.252239457615734741e-01,1.262965074576162527e-01,6.360107193758270105e-02,9.207135444669295454e-02
2.916075253961621116e-04,1.123603147156247012e-02,1.853363257346038462e-02,9.293650422316130505e-03,1.435090230647229070e-02,4.360667426162040394e-02,1.455404163635858616e-01,1.737880339180287170e-01,6.111174701873399451e-02,7.554325557637840693e-02
2.985504990423705441e-04,2.516627892811331216e-02,6.441251225198289104e-03,4.358432730503674669e-04,1.314140124156337915e-02,3.831180835593916978e-02,1.238440154858356651e-01,1.870766401947443758e-01,4.275684313894850819e-02,1.592441448712712121e-02
3.049149624495431734e-04,2.544294364287523133e-02,2.447703356166997316e-02,7.262981558712997693e-03,7.186144993595481277e-03,2.501655955143657420e-02,6.336209992290681159e-02,1.274692445661966544e-01,9.331582491249731590e-03,7.801655929384036792e-02
3.133174021251701534e-04,1.321731439695973849e-02,2.879792033575644117e-02,8.885828634670642559e-03,4.465196357391058206e-04,1.230500293093374047e-02,3.240465385642474216e-03,2.877647505183989277e-02,2.223994815427389471e-02,1.567183363102452320e-01
3.218283914393189698e-04,5.604719888049903773e-03,1.126610646895665792e-02,2.368877054401294369e-03,5.656281529013688740e-03,5.816454356490027150e-03,1.620997642769421432e-02,4.760684081145494240e-02,3.232244278181906766e-02,1.676780776680244778e-01
3.245246958605055819e-04,2.579342337189660661e-02,2.685193575363960250e-02,1.195609036495254296e-02,6.554487113788250857e-03,5.609246276169365178e-03,9.477265619154053022e-03,7.456796402002666135e-02,1.578565068792850412e-02,1.165368954470048651e-01
3.236498900221382010e-04,4.272335812265946192e-02,6.620724556550802720e-02,2.643376099438467242e-02,3.775780011658353384e-03,1.011437744036410014e-02,5.188369110561717734e-02,5.675256829137573927e-02,1.215188021622638087e-02,5.978223797364065617e-02
3.303323518887992622e-04,5.363158452347416977e-02,8.453921164268510258e-02,3.237092746583037500e-02,3.781524565667205001e-04,1.767534395833402633e-02,7.796342282147902814e-02,9.439235397440052036e-03,2.776151087164125883e-02,4.337972146809475349e-02
3.392834618300557626e-04,5.787560903156067221e-02,7.685150950480701404e-02,2.973577356231774105e-02,3.021660084195542696e-03,2.479461003514756706e-02,7.317368562894162320e-02,3.899127208332047595e-02,1.832763476637816816e-02,7.074643369216704336e-02
3.259142141933888933e-04,5.278755455167820354e-02,5.273394269753747116e-02,2.463028125723334266e-02,2.927260761664946930e-03,2.753121818598332909e-02,4.907043203816886801e-02,5.849220095287112342e-02,1.030576358286741136e-02,1.206949708468671445e-01
3.000212134329865955e-04,3.533385326023676803e-02,2.382519616982663180e-02,1.997186299417842356e-02,1.526552857254456688e-03,2.516794234146567388e-02,3.164422634698676323e-02,4.432863966920109339e-02,4.084086841313881722e-02,1.687067288266029252e-01
3.137037884356734941e-04,1.200317860754412241e-02,2.614864075354285042e-03,1.587053290105140679e-02,3.957068123427811591e-04,1.975010023430246245e-02,3.591066431110117446e-02,1.041875176758981156e-02,5.494683612707894349e-02,1.915591032613358780e-01
3.470702342837193193e-04,2.086378530069119518e-03,3.378986275927968463e-04,1.503384420087631665e-02,7.657050457691004118e-04,1.320385110408429409e-02,5.321488968021467064e-02,3.461613199117054285e-02,4.532076550894509337e-02,1.783349128883186807e-01
2.880712728216864530e-04,9.287204695482267555e-04,1.029893672357518573e-02,1.898383456377294998e-02,2.290506146972024707e-03,8.089384111703542060e-03,6.596798917230740911e-02,7.734440146812794625e-02,2.463426256907611661e-02,1.447089469421594665e-01
1.759897633549916969e-04,3.906365012097814254e-03,1.506986861421319088e-02,2.197983981756664040e-02,2.961039410319272428e-03,8.624533879220975738e-03,6.689048819250802136e-02,8.668183476925077346e-02,1.339539200090653082e-02,1.193317080560374333e-01
2.538428621267945417e-04,2.418714324469266319e-04,2.238874226831142483e-03,1.712827408423815700e-02,2.102407060194571263e-03,1.589161117250648472e-02,6.004384751773536588e-02,4.976704672940327617e-02,1.378981393630305391e-02,1.127838876761633469e-01
4.536717241810445046e-04,1.004846471122040723e-02,1.893477203907823272e-02,6.978091298195507851e-03,1.121098219190967303e-03,2.410202087696256684e-02,5.233603793359071360e-02,6.594179933298626242e-03,7.747698158635950641e-03,1.117841931409511158e-01
2.125759089221604403e-04,1.302018358437560461e-02,3.195745455924267620e-02,5.626395865411474434e-04,1.077379583871076107e-03,2.708682013218847648e-02,4.950274833806751762e-02,1.011330137007678161e-02,1.422321913891866699e-02,9.967002816797652931e-02
5.921902995126679566e-04,4.983057974634719223e-03,3.116299515640657755e-02,7.508341035098852617e-05,8.876942575140892239e-04,2.560161344906462452e-02,5.441342331390013054e-02,5.501313162105907206e-02,3.705825972322550343e-02,7.009419249406229069e-02
1.090453200299772770e-03,6.836807361940737231e-03,2.206299753281764503e-02,1.901449621814672170e-03,1.953589399457920667e-04,2.206891876908740127e-02,6.367867263310286741e-02,7.921813749465961285e-02,4.181981965203950685e-02,2.710829928014730356e-02
6.435247444372609949e-04,1.409494490098935418e-02,1.138102331907497010e-02,9.668789720796090031e-03,7.873356278719763172e-04,1.351699091888012086e-02,6.696294988280521165e-02,4.188226098085302135e-02,2.969270025406930621e-02,1.279496556893849543e-02
1.107269900272231763e-04,1.349719160749630366e-02,2.726115322402709006e-03,1.665750669969358680e-02,6.877583940385456184e-05,1.325565221944785370e-03,5.255776221408094140e-02,2.718023320342428245e-02,1.577101240837086582e-02,1.913713183783959451e-02
3.029596246987546369e-04,5.178677941882683412e-03,3.506225842179692270e-04,1.578219525238100385e-02,1.069194123555609844e-03,1.414975044814586330e-02,1.545067527734626626e-02,6.781020428715155146e-02,7.925316037980122477e-03,3.414115068639436701e-02
5.672263107516034656e-05,7.474327940519198341e-03,6.777682420891528378e-03,1.149069768582671250e-02,8.432672448476174164e-04,1.661424954268248683e-02,3.601727124870392899e-02,5.822632647318393834e-02,1.748288873467799577e-03,1.342426561759830772e-01
6.439022164801328266e-05,1.558736785244864420e-02,2.291835140895866901e-02,1.381148839115875840e-02,2.964252651187134499e-04,1.192332546514721266e-02,7.812082383582136247e-02,2.908046467991561024e-02,8.451596594492467862e-03,2.225994281299979172e-01
8.161233590830250660e-06,8.703973633608693555e-03,3.507712225151504021e-02,2.320993288359189666e-02,1.382834785879101264e-03,8.422313499383301053e-03,8.383742392419087086e-02,2.270310644332183825e-02,2.237119630675621015e-02,2.413402929077218539e-01
3.194778297493937097e-05,1.437468237595963642e-02,2.921392090520870399e-02,2.958764901119641244e-02,1.518427873902235660e-03,8.606216504250120691e-03,4.795886572825297511e-02,4.901161551482118711e-02,3.558039330707403469e-02,1.878898286326101397e-01
3.175199136454675706e-05,4.092425406976116925e-02,9.393184954400843681e-03,2.660274923107961570e-02,6.698652108125778548e-05,1.072071086528407491e-02,3.366895081655134868e-03,7.675950466315223375e-02,4.309093814895657154e-02,1.163138377514170568e-01
7.065008410199873101e-05,5.540332653302883215e-02,5.568983074721872359e-03,1.876368665984458339e-02,2.604017917044147354e-03,1.356537879450888176e-02,3.660324396815620857e-02,7.134480080088419218e-02,4.306295963545928029e-02,8.784676816690889511e-02
6.491610495347657349e-05,5.382015591293994039e-02,7.491276181130804637e-03,1.184702540339530562e-02,3.473429446736757929e-03,1.643552737290184321e-02,3.535628670224502668e-02,4.104838141072744001e-02,4.029593718420418358e-02,1.218830426259994992e-01
6.640478093457581848e-05,4.202066895091643300e-02,5.336357475254273341e-03,5.222899312007348374e-03,1.675816176018510642e-03,2.180171261095893362e-02,7.046499142744224765e-03,2.366795233662754433e-02,4.334238962051764621e-02,1.874612366203119718e-01
8.440953426820698422e-05,2.442517885871904257e-02,3.876470420449104701e-03,1.743519637071781845e-03,2.663935189270575429e-04,3.609839694097465718e-02,9.407305741972524227e-02,2.715011297975405274e-02,5.596505749002046726e-02,2.351975348444707847e-01
9.488166229955877120e-05,4.951119030859801179e-03,2.449503806754794490e-03,5.052245778962776573e-03,2.795758711737549723e-03,5.898547350808371059e-02,2.006575073028207257e-01,2.261792378022484118e-02,7.226505661004387071e-02,2.355566599633809044e-01
9.404723307898726567e-05,5.178773923781420513e-03,8.697728554205065576e-03,3.807229486210663393e-03,8.658359916298288134e-03,7.742925394081237589e-02,2.687411473303290554e-01,1.517484550991720065e-03,7.948780193702477403e-02,1.893676640522254373e-01
9.272822624115169168e-05,3.846501214476679038e-03,3.092164431284446201e-03,3.981657006276382617e-03,1.384731470501137859e-02,7.929488240561051449e-02,2.611657567948477698e-01,6.901255230748557651e-03,6.667672268853598594e-02,1.115474290890739600e-01
9.109201660758340605e-05,2.377383830297359613e-02,3.592826000676305892e-02,8.808847946281206029e-03,1.466768904408333359e-02,6.561230325130987251e-02,2.004148576165419582e-01,1.488045192707699790e-02,3.459112610362484463e-02,1.864687176177497879e-02
8.530871200972895752e-05,3.459976010286452963e-02,6.803564090738399572e-02,1.244350763223892563e-02,9.853249138831151124e-03,4.439013454920246599e-02,1.331829788469323095e-01,4.866548032982468547e-02,3.718847563213211263e-03,6.439740219741924010e-02
7.971714034814736567e-05,2.790056747166718906e-02,7.787969770499315880e-02,7.303559228585870117e-03,1.461696058740396187e-03,2.294739141337168858e-02,8.272238105648961615e-02,7.444365365767774412e-02,3.420270872213044405e-02,1.033870372811079991e-01
7.464529406576258630e-05,1.144670460433704767e-02,6.216374146813442858e-02,6.495982939477800214e-03,5.423146595555040396e-03,9.375206594213161826e-03,5.225676570908244223e-02,8.937380703374395163e-02,4.934113041995620563e-02,8.122953623305949333e-02
5.973978027783528259e-05,6.421613399440515013e-03,3.060529807964638624e-02,1.999884122568871062e-02,6.004670783572320023e-03,9.496159381318140802e-03,4.368355781710375058e-02,8.698322449366135967e-02,4.652200759462171709e-02,2.234876289337243971e-02
3.920380237051032180e-05,2.158379346070508562e-02,2.122564356066324823e-03,2.217991635909066783e-02,1.168871499386142394e-04,1.913133338474676606e-02,4.986784829549464892e-02,5.467583679467758612e-02,3.101360008223274720e-02,2.289751321686663357e-02
3.746445213125530619e-05,2.554284582876183152e-02,7.736563108876742811e-06,1.036323290257526279e-02,8.952604582122550975e-03,2.762190677130339778e-02,4.914178598295348976e-02,1.454527171834200895e-03,1.903264097436920335e-02,1.861603517397743268e-02
4.554552348241781916e-05,9.779266538153792362e-03,3.024722966872510702e-02,6.567511149252379388e-03,1.626692134229034900e-02,2.914474794333474922e-02,2.578564808735425706e-02,3.840754850751608440e-02,2.503285741044692161e-02,3.584300196588602327e-02
1.183962978566475998e-05,1.862838472269294499e-02,7.045447506845033125e-02,1.918124805915033190e-02,2.056250073930746339e-02,2.487241222426608139e-02,1.549815936230473749e-02,3.585872628712144516e-02,4.803240870393032935e-02,1.192355678481100828e-01
4.365229972121236195e-05,3.932793020207579066e-02,9.316344183351984998e-02,2.744527890635792625e-02,2.186801531648937744e-02,1.687813074121125717e-02,6.047114929866208299e-02,1.077396294984381275e-02,7.493507039615319998e-02,2.127952730461388497e-01
8.553605902187915277e-06,4.027290550677614656e-02,8.963582185059638940e-02,3.396615865282947427e-02,1.989693183186834469e-02,6.334340369042719063e-03,9.414417828428700563e-02,7.490055720364351133e-02,8.659614790357827996e-02,3.037190983762603214e-01
7.841800973298997449e-05,2.846748894962364967e-02,6.584091209188858151e-02,3.473727036273399627e-02,1.570346254504949302e-02,3.322390844021799218e-03,9.668601784559728574e-02,1.105498163343845569e-01,6.393644736848602683e-02,3.643032361620845982e-01
2.524859411302675957e-05,1.778003283098295029e-02,3.332539928506551147e-02,2.573946102749860576e-02,1.326359167963827614e-02,6.807946144634619001e-03,5.393945926045094763e-02,8.073070392245471072e-02,1.186466426303219891e-02,3.506651664742155838e-01
2.511792854752878607e-04,1.316368324220079829e-02,9.495896622594954956e-03,1.387955889842329427e-02,1.537083097201192433e-02,2.407435860054972857e-03,1.862034498279947423e-02,2.059324818236685402e-03,2.652230892512965135e-02,2.497146778454771010e-01
3.602720451518516136e-05,9.781171317320310615e-03,8.931494249845170486e-03,1.231868230823283603e-02,1.892948918454295457e-02,5.386222393921251926e-03,8.095482786397009689e-02,7.792593594590287165e-02,1.155275568465456183e-02,1.152172890723755783e-01
7.434344347284949127e-04,3.618156182259671307e-03,2.733115315318912150e-02,2.478759158872155186e-02,1.872527625980185961e-02,1.035168289874196547e-02,1.046752302600500589e-01,1.000155161985741142e-01,3.923777511096052106e-02,2.715208021335031169e-02
1.217472719696238411e-03,2.018599058311508227e-03,4.540504216023259071e-02,4.043930057161813918e-02,1.464467869584606952e-02,9.677252342236968702e-03,9.077016538969097381e-02,7.587017837756551697e-02,7.456087994763288540e-02,2.054412763666917802e-02
7.477712487109137822e-04,1.849031609689559801e-03,5.167431601136153463e-02,4.731586154634585123e-02,1.044680240842046220e-02,3.227812310614829906e-03,5.490902636693781314e-02,3.656128046688442157e-02,8.187125047913339226e-02,6.772728228358877722e-02
2.747844705438829685e-05,2.427797625108726702e-03,5.066341638491225069e-02,4.572315728711427718e-02,7.324981908548090434e-03,8.307082535554045910e-03,1.386574048898959501e-02,3.777537603611025394e-03,9.191913411273869294e-02,1.106941690955018237e-01
2.386374806854791718e-04,2.199804165595383408e-03,4.669822103635107302e-02,4.249282771939576903e-02,3.877837947529464042e-03,2.050882707299850338e-02,1.497178754780440976e-02,3.688059945931752848e-02,1.144978990088652698e-01,9.943725823110859119e-02
9.009692175555148353e-06,8.495484795265125649e-03,3.363963960868615599e-02,3.851932023459845450e-02,5.086051689085172457e-04,2.431813580075277773e-02,1.687412260504748962e-02,4.476966373230941570e-02,1.224342884287083766e-01,2.447990512150052811e-02
9.794072362153183656e-05,2.574379700217100178e-02,8.137878402804166189e-03,3.149457439271640541e-02,9.383719788206702599e-04,1.461572983121057004e-02,1.028995642025893123e-02,2.506754109573217440e-02,1.026346508047733114e-01,7.496910354292199430e-02
1.369466892803032747e-05,3.970113533368808956e-02,1.831736390825835711e-02,2.558731285696290436e-02,3.817139920417422609e-04,1.338006836763053469e-03,5.028387075374601833e-02,2.680107310248301157e-03,7.405248000486434889e-02,1.492515732772000392e-01
1.928306823569441979e-05,4.515171650273391846e-02,3.096579184429548715e-02,2.772637920799052996e-02,8.565940688708235592e-04,9.869056887036906783e-03,7.633070758200725947e-02,6.716442404315976084e-03,5.159548167854025730e-02,1.792980306084479836e-01
3.776858295840180169e-05,4.668243423192693781e-02,2.900147545947263927e-02,3.667740904519954659e-02,1.940331651301079909e-03,5.387694602882756034e-03,7.016097628416058385e-02,1.211212052038570380e-02,3.205963688692076846e-02,1.656732424894108435e-01
7.234157510270813570e-05,5.236990973815391914e-02,2.249787562897566720e-02,4.379487564783794001e-02,2.272254041590993263e-03,5.665954819303043767e-03,3.548604764782893606e-02,1.401983602348415119e-02,1.507354112541753333e-02,1.039377845934105621e-01
6.414013322994329184e-05,6.291439192435102634e-02,1.762874835665761281e-02,4.303073731214146491e-02,1.187962007060820550e-03,1.455274781875354716e-02,7.183630082461709213e-03,1.809013419828301838e-03,6.488216097559980702e-03,4.153678306417390650e-03
6.488113118448427333e-05,7.072213709755259536e-02,1.542404117407322924e-02,3.401453403528679337e-02,1.082329902385921125e-03,1.805261431478687520e-02,3.765294667273581114e-02,7.880519420218690466e-03,1.141897026628056755e-03,8.682999767915899891e-02
8.404984808294192105e-05,7.209139674311627888e-02,2.154249350827849852e-02,1.726311541131002325e-02,3.580780148817544212e-03,1.653345230661521642e-02,4.899592106799183916e-02,1.562486025785571331e-02,1.822543442883248557e-02,1.197841266674092159e-01
9.691702143550906903e-05,7.322070117152813806e-02,4.286839597468779239e-02,5.390319330796811137e-03,6.035457821781902224e-03,1.075009291321484851e-02,4.613046676309603272e-02,6.034309457804746396e-02,6.190319381954158262e-02,8.959537612425318154e-02
9.814437887014023124e-05,7.561075583767595809e-02,7.135869339290783209e-02,2.475977494536333451e-02,8.595825492006459526e-03,2.866877050620731011e-03,3.444394223134274874e-02,8.379915933842183029e-02,1.157410667395860626e-01,2.574422724131295373e-02
9.870250556141211542e-05,6.373782528310555084e-02,8.341546293404630830e-02,2.818268330014585613e-02,1.003220765086527966e-02,3.199960729701309750e-03,1.649822569942014511e-02,7.941404874063980046e-02,1.428905375722102911e-01,4.366232177059654884e-02
1.007461824435746392e-04,2.371772395629549030e-02,6.317038452809720095e-02,1.413435803263942553e-02,8.405356545294933451e-03,4.440512820752272327e-03,1.762889712355160659e-03,7.237847363685281921e-02,1.130496776412784898e-01,9.681794167208837565e-02
9.876536422696138341e-05,2.951423561400697004e-02,2.155374400863349291e-02,4.232479197470601431e-03,4.624991512693181483e-03,4.020193430977841119e-04,7.072103706423731734e-03,5.818566232274480221e-02,3.821303427221645760e-02,1.116127434362746834e-01
9.137604940111195885e-05,6.341746662906327936e-02,1.382148471957295698e-02,1.381755615682412307e-02,3.182257220642625232e-03,7.752118922612696861e-03,3.748192575219154443e-02,1.126775296816307989e-02,3.060222689625025083e-02,8.331318134882918780e-02
8.092871470139516093e-05,6.722516303214000344e-02,2.624261746403554196e-02,1.296977149794774006e-02,7.360661967447925703e-03,1.803649653576255840e-02,7.507221693484596170e-02,4.695906318823712955e-02,5.175263251611081361e-02,3.813185252910010481e-02
6.798461319726145950e-05,6.009093636824214268e-02,2.113125049415159884e-02,6.186671880915812875e-03,1.487247227801553710e-02,2.699771145994033644e-02,9.680413880539982807e-02,5.368167376963568771e-02,2.966363432616883275e-02,8.389544735145023496e-03
5.144570977879024611e-05,5.677936417473586350e-02,8.703325212705231503e-03,4.948028005554181395e-03,1.993434687107323647e-02,3.017467155003892426e-02,9.834369603862298803e-02,9.498934120618120203e-03,5.056248747913508201e-03,1.181391053433176238e-03
3.115191872722234415e-05,4.854552789436464288e-02,1.216164380529726613e-02,2.120020557764304078e-02,1.914201338829091617e-02,2.558850222041222922e-02,9.255641592769954518e-02,8.683112060801331800e-02,3.849221769526140619e-02,7.719699624326803802e-03
7.827427131681421980e-06,2.756344228864593404e-02,4.060754864419539867e-02,3.890326547056938838e-02,1.422691106613145975e-02,1.667718877084053281e-02,8.989408559539752153e-02,1.201414904092869967e-01,7.538703303990638982e-02,3.062987573062039837e-02
1.815937752287221326e-05,7.143803863739963886e-03,5.700996073117648583e-02,4.855350937492075580e-02,9.649629472120875226e-03,9.687726803046050467e-03,8.965585517412633099e-02,1.084165460224343069e-01,1.058456798159751189e-01,7.312725817602233613e-02
4.674523725440660540e-05,1.926015708702203365e-03,4.251824766735439604e-02,4.384102114641012099e-02,8.559283462489231803e-03,7.755933858977191037e-03,8.741253946525501251e-02,7.840568178483446615e-02,1.029471798849378034e-01,1.089102140811489400e-01
7.755907972524988744e-05,6.230169122489053433e-03,9.827770054404407624e-03,3.064543073514273616e-02,1.060420585783630569e-02,8.915755406435570130e-03,8.030133590487696649e-02,3.574870436312562599e-02,6.171544931579119736e-02,1.010453515767352345e-01
1.100508592446755650e-04,7.799800831804273860e-03,8.192089711609834915e-03,2.229403003322433935e-02,1.279951658858782121e-02,9.513885358858834712e-03,6.523561280537720775e-02,2.575833271253153908e-02,1.159781607693003216e-02,5.246124933944305152e-02
1.438840251472294797e-04,7.472498316357408313e-03,3.016630579248621470e-03,2.662266729425026221e-02,1.286920905661692247e-02,7.843942769459358658e-03,4.293933077070730825e-02,9.006651529606851669e-02,2.286870730715419298e-02,2.180137452801057460e-03
1.786814924279441028e-04,1.155901866591123837e-02,2.942078139811803161e-02,4.077864464630839153e-02,1.164286127186884776e-02,5.045949351437352404e-03,2.471517734381048145e-02,1.236466924124395572e-01,4.879843770992512569e-02,2.795571950712337495e-02
2.136559650059512193e-04,1.912702944829170956e-02,4.820752864769953933e-02,5.477420361362745488e-02,1.105271959277163811e-02,4.016763872852331663e-03,2.223031945430597664e-02,1.083094719238678061e-01,7.978314706413680568e-02,4.676254149194256082e-02
2.481915970289195030e-04,2.761671604744593556e-02,4.524105020383491910e-02,5.721916811820349641e-02,1.071437714292742920e-02,6.681172040305872334e-03,2.899811428245254591e-02,5.236760645413329751e-02,1.091484703411743779e-01,6.089605222111302979e-02
2.824775074381757336e-04,3.741006378094368506e-02,2.422422087940986207e-02,4.401831018095023196e-02,8.986528291369555790e-03,1.174229107345548667e-02,2.803108814288668427e-02,2.314200876294314480e-02,1.226365639096049370e-01,6.882811759252434325e-02
3.163092299090798621e-04,4.383424400043920560e-02,5.408214028761300363e-03,2.433181620499733772e-02,6.604046987017095360e-03,1.640308247003419151e-02,1.906384916521002698e-02,8.982887709832851342e-02,1.171164614046588115e-01,7.780971025412827813e-02
3.478370590777759663e-04,3.832716961101702985e-02,3.700830860383252929e-03,1.195869801482862295e-02,6.130338317683749899e-03,1.964525335719786645e-02,1.737796271573268519e-02,1.124242595685937124e-01,9.769652510703678849e-02,8.751352027747782980e-02
3.761327613939051146e-04,2.245200765964689218e-02,9.486702722110237559e-03,1.045965793997677765e-02,7.985768969768261213e-03,2.158070664381680701e-02,2.329344774154811643e-02,7.545675501684585840e-02,7.438431513199048051e-02,7.191628652468824712e-02
4.039162319252718883e-04,9.115011480932423346e-03,3.508076680477972310e-03,1.225112903181950139e-02,9.811916343622426040e-03,2.079915361404584967e-02,1.714365541611206217e-02,1.066987224295221082e-02,6.201589684082014359e-02,1.461767189837028490e-02
4.321707309817787463e-04,6.678685610497134793e-03,1.529796351608725402e-02,1.046759071037636768e-02,1.010893108762117749e-02,1.537417715126241161e-02,9.928194783238964566e-03,3.159249124546309462e-02,6.385989746493968278e-02,5.702774386667597284e-02
4.542252604204029568e-04,1.018123037115005111e-02,2.948950543107150407e-02,6.079638747177668751e-03,1.004111383978720240e-02,6.011609154046328868e-03,4.249108928360481596e-02,3.669864290349005714e-02,5.978418651247011106e-02,1.049162669510065177e-01
4.671220174273069841e-04,9.728165853531077836e-03,2.663131217282613608e-02,3.942971796040786216e-03,1.062287787828984989e-02,3.749269218253324220e-03,6.324905108893411065e-02,2.472201728344593577e-02,3.154972023727756203e-02,1.240628291056047050e-01
4.845562099969079111e-04,1.771520299508645918e-03,1.339042257125136991e-02,5.684913465324769807e-03,1.049143379043759351e-02,1.008784437722086771e-02,6.914043396948038600e-02,9.535125144941277928e-03,6.849668523944208061e-03,1.269288871172477295e-01
5.129458900193203984e-04,9.180587053761365621e-03,5.019659407558254606e-03,8.455715805542073082e-03,8.367230855187358235e-03,1.131519919819258709e-02,6.078836813305343173e-02,8.690815347904268934e-03,2.696813390922465914e-02,1.090644005022163854e-01
5.231813347461095791e-04,1.733204642856805977e-02,5.463126832069450239e-03,1.029232019562129063e-02,5.719987019052288554e-03,8.547771032877628586e-03,3.413162483440135980e-02,2.420296615400774690e-02,2.806885796200799324e-02,5.657732881912325845e-02
5.009929616388967850e-04,2.291294575401790073e-02,2.697004378607078222e-03,1.387762098980506106e-02,4.914805845239454338e-03,3.696176563942808486e-03,8.698522276496090111e-03,2.503939661058310340e-02,3.596942541471383897e-02,2.476054755283546571e-02
5.085950447256161466e-04,3.136239522610100028e-02,1.558326728713507400e-02,2.255119958223526094e-02,6.298725600153690443e-03,2.493196998553845987e-03,4.969554362375835921e-02,5.732644152552891607e-03,6.176130060012856304e-02,1.025733598976893285e-01
5.787121367893246571e-04,4.387070322578193876e-02,4.513380678271622370e-02,3.402634256943654067e-02,8.206726433065834186e-03,8.096633863262845537e-03,6.504533105835021145e-02,2.412989173352848501e-02,8.763362765756821382e-02,1.384932422908039806e-01
5.800073885829890334e-04,5.263785959092089767e-02,6.739357088581672539e-02,4.143330025897989932e-02,7.936551358266477271e-03,7.937100279106625716e-03,4.420070645532465231e-02,4.077218349050026197e-02,9.669943613540053773e-02,1.176912177672486126e-01
4.397244940330777459e-04,5.036924739689460639e-02,6.949144487210690002e-02,4.113569059703545833e-02,2.947832302903651436e-03,8.778553555138155200e-04,3.010522118044386616e-03,2.817293299003162735e-02,9.435110977263207188e-02,6.021286198140977236e-02
4.397627636287174515e-04,4.015018311861411754e-02,5.650080363111145004e-02,3.562438185605792951e-02,6.097673252914641122e-03,1.283089254373087108e-02,5.513322609227071930e-02,6.846760677296412877e-04,9.329079394960865246e-02,4.120539289640232257e-04
7.556965056701454419e-04,2.889116543794006606e-02,3.682872109195166332e-02,2.585281387210802001e-02,1.438063356459826428e-02,1.911492919461790091e-02,9.242305437710454652e-02,1.475883853497200054e-02,9.319526689129341290e-02,4.441666932587159944e-02
7.577225625011504290e-04,1.579786445942748738e-02,4.603064951015561033e-03,5.868882872841717918e-03,1.804876580382488993e-02,1.755699878716634674e-02,1.048318545574817018e-01,1.335222486520143761e-02,8.321608481619460762e-02,6.514021555593672852e-02
2.410163562804208941e-04,3.635723513987929468e-03,4.726745715695566258e-02,2.790032955687208119e-02,1.884251144909887543e-02,1.262608277084804713e-02,9.194598155193788036e-02,7.436008665125707143e-03,5.648973190125355925e-02,5.411835661020852895e-02
1.495841823097417839e-03,2.583059365535798554e-02,1.038796225886282482e-01,6.540831442820958797e-02,2.085982071393478396e-02,7.977582969606218655e-03,5.934556847391182083e-02,2.972331015821736214e-03,1.712878999539823102e-02,6.804835706764681899e-03
1.496182522592368665e-03,3.999792291373561320e-02,1.374259186023392976e-01,8.940958107201245342e-02,2.470408394088246390e-02,4.012035487233442561e-03,1.731921610483651633e-02,3.172114153011536958e-02,2.144455690095803738e-02,5.508702151962018706e-02
2.364359304094288718e-04,3.923992128880322838e-02,1.360629843132909744e-01,9.205170006653744241e-02,2.722166975069852460e-02,6.771015230337873361e-04,2.028179382268886777e-02,8.338452838696573666e-02,4.224991843655779428e-02,8.549607907135366169e-02
7.712317733680658111e-04,2.612997448050342897e-02,1.102187257922555286e-01,7.904813022108810039e-02,2.541611120611083144e-02,2.002787610673228795e-03,4.173485961253645127e-02,1.386506712469734448e-01,3.497870335874560255e-02,5.592516923578123161e-02
7.689902455167567678e-04,9.620030224930190693e-03,7.565774685079459938e-02,5.964517285683289261e-02,1.945179949032678143e-02,4.940065515478331455e-03,4.359278080737506028e-02,1.597631015077210781e-01,3.153698964082834316e-03,9.712195288615096955e-03
4.523256996689428494e-04,1.425090808301945726e-03,4.160269569393151151e-02,3.900872530538413568e-02,1.278344687270829665e-02,8.257731737648123932e-03,3.122602513913149552e-02,1.174992565142682355e-01,4.157289530210411116e-02,5.782711341138439820e-02
4.771875324593759173e-04,4.602080047328704904e-03,1.147190443917403546e-02,1.963140014279496359e-02,9.004624859016216801e-03,9.936661133280060010e-03,1.477254840712923650e-02,2.172668729359653050e-02,8.818665014550140790e-02,5.935121415776436343e-02
6.502473180800618117e-04,4.813458143760435473e-03,1.370355859060475544e-02,3.905635438805038929e-03,8.052481029890916353e-03,8.722320677153335561e-03,4.067705597762563859e-03,8.366471637743785883e-02,1.254110686916498907e-01,2.847727207726278437e-02
6.365330331359595785e-04,6.640603309372250171e-03,3.345738542881265820e-02,7.232447212801825995e-03,6.729789260378349867e-03,6.891683976470702050e-03,4.802246281293187993e-03,1.576634251872630621e-01,1.417519828416073380e-01,6.895146047825194760e-03
5.469724750443899540e-04,7.809495372451123393e-03,4.767415678542021723e-02,1.575210427895233634e-02,2.931568515765744197e-03,7.531406019591415334e-03,1.663433407287123397e-02,1.841212887486564365e-01,1.352120227895202420e-01,3.665750072001045662e-02
6.292372573720660892e-04,3.889570478681939319e-03,5.724010459872728995e-02,2.388783775852532099e-02,2.335924494141560642e-03,9.643689280796131566e-03,3.159321653336164687e-02,1.677875055816142880e-01,1.137660262944807654e-01,6.590456741001152197e-02
7.829870036218501781e-04,3.229212771525633713e-03,6.204202606628386046e-02,2.975369746376512262e-02,6.726049859233967400e-03,8.399949300235244956e-03,3.477303384421980004e-02,1.250321395674400815e-01,7.809481334252202367e-02,9.141355801320188990e-02
6.665641823907562762e-04,6.882795982873910444e-03,5.832662671314930297e-02,2.783124904631544688e-02,8.361136346033672118e-03,9.158804145456043251e-04,1.427182459761409256e-02,7.453874548609509820e-02,1.885105572098661267e-02,9.517168100467797431e-02
1.592075262378853215e-04,4.441126782773641146e-03,4.299990317533033263e-02,1.581748739020264610e-02,6.119592679568014795e-03,1.012928694732529236e-02,2.453034401908042034e-02,3.280985795414384509e-02,5.586262941302364698e-02,6.700902749314692486e-02
7.533377331447938712e-04,2.611254794090828169e-04,2.106798849135647217e-02,8.314321537203988276e-04,1.711790867410349637e-04,1.963605746017961506e-02,6.018200735441743554e-02,1.701063537842692486e-02,1.097904134722855474e-01,2.459069451494672737e-02
2.372274420417393344e-03,3.003641162161676918e-03,3.525402154558493137e-03,1.378445406678146731e-02,7.137792109806761348e-03,2.465567391641425993e-02,7.613142590731880599e-02,3.689084180237518079e-02,1.162867954181106001e-01,1.390272966881740159e-03
4.544992938665773884e-03,3.581826910088969657e-03,2.961370435396802874e-03,1.929154754811274533e-02,1.217624156193423610e-02,2.441021173055665794e-02,7.566221656201073398e-02,7.839622425671911865e-02,9.096945616413686098e-02,6.511930965971838084e-04
5.748803750779204677e-03,3.876485904359289105e-03,4.461681665645809633e-04,1.835006474973949891e-02,1.266043004388151677e-02,1.856833985975975612e-02,7.064494185013209249e-02,1.105180144809956022e-01,6.708643895181770622e-02,1.732668352657278088e-02
4.500834481412038270e-03,4.841322462706979836e-03,5.582263751382899111e-03,1.260519488811025733e-02,8.975316964979839635e-03,8.588973503583461136e-03,6.216450260930379140e-02,1.128003352709291141e-01,5.525065664560846468e-02,3.314546524493205276e-02
1.605188591644652121e-03,6.080357633031467299e-03,1.162983056885222473e-02,3.618411975123270088e-03,2.995465587614976749e-03,4.918171153947693396e-04,4.274192525012280447e-02,8.711782650838199860e-02,4.760684674481915901e-02,4.371893958116102041e-02
6.118226478466090796e-04,7.064662393398889184e-03,1.645325590740869329e-02,6.039471760951382016e-03,3.177567124080681125e-03,3.174084115610540865e-03,1.452665949883326889e-02,4.459136130462841574e-02,4.350106440628617038e-02,4.580256698559328349e-02
1.133344699363821517e-03,8.648886469998888493e-03,1.978019416777035758e-02,1.390090424939698782e-02,7.371881272755655135e-03,7.545233500495086929e-04,8.059869835863863255e-03,8.214706454905369021e-03,4.666523662815535295e-02,3.207112138609952839e-02
8.686196501230086494e-04,1.223204227280645130e-02,2.220948158037095235e-02,1.876324908755148957e-02,8.144647440495474816e-03,5.865226727913087738e-03,1.575961126279054950e-02,6.558894773393522670e-02,4.963791081650601594e-02,5.012804049892794801e-03
7.734729241642378499e-04,1.699665541187476286e-02,2.594297510334827445e-02,2.060258373964912390e-02,6.337422659811656374e-03,7.673907993383495899e-03,1.342075408507723694e-02,1.126096881364063856e-01,4.143712922066333099e-02,1.624702290872054658e-02
8.392509356593141770e-04,2.151482144213712200e-02,3.446690226383389288e-02,2.110798315577741904e-02,4.647871097463730262e-03,7.950641013410617713e-03,9.493561821793023575e-03,1.340275193764580430e-01,2.262346356950686171e-02,1.563017873687234938e-02
8.784225814209414623e-04,2.727753042375426554e-02,4.661218609209482472e-02,2.198083706277154104e-02,4.631406109604246056e-03,1.175260212615386775e-02,6.972430021152777394e-03,1.345004148021903823e-01,2.888809521494919291e-03,4.200057994254054183e-04
9.824578252549723799e-04,3.388095874584832329e-02,4.985475037621733829e-02,2.014950180035143812e-02,4.984123813412466748e-03,1.957706342819436410e-02,6.150583479621281324e-03,1.308073113576063151e-01,7.987282522479481617e-03,1.464697022946239574e-02
9.557366065520151019e-04,3.306654010964996115e-02,2.975786996381371216e-02,9.640129710816097708e-03,3.732692107487286994e-03,2.496965604530239358e-02,6.575010696222882353e-03,1.196366744781511698e-01,5.900857555825837417e-03,2.256678086170629816e-02
2.916793293080737403e-04,1.748585074308705092e-02,9.237777513213491637e-03,8.262371699026120966e-03,9.105245894198239417e-04,2.196273271779805580e-02,4.925950850257734132e-03,7.821918385587171840e-02,1.937485778964359671e-03,2.965451891169966145e-02
9.700181063794743571e-04,6.099047432369591321e-03,4.368069860819021738e-02,2.302833294862387248e-02,2.021615837067477876e-03,1.299425651206076275e-02,1.305283882375240546e-03,7.498139193094737268e-03,1.128418103796669566e-03,3.162317640823051473e-02
2.008566812384702301e-03,2.171996223959286182e-02,5.607324514100434087e-02,2.660881317208843577e-02,3.836746964815010690e-03,6.055660358364673042e-03,7.560592730721835998e-03,5.455930181377499633e-02,1.309039898259694440e-02,1.795636654779221922e-02
2.032675469032507991e-03,2.193871410974348318e-02,4.903162750562789496e-02,2.093286319720591426e-02,3.668501606604278754e-03,4.809452742460188467e-03,5.857203799859998609e-03,8.212068780782212640e-02,3.025086879268858164e-02,5.367191576209879612e-03
1.044801641088913876e-03,1.428560009140405866e-02,3.356288139975849988e-02,1.153706086392460028e-02,1.345241790669651338e-03,5.234049280075985140e-03,5.111066260191721514e-03,9.375044908270060984e-02,4.052725548839367087e-02,1.791659938882434605e-02
1.690405392924859338e-04,1.026734951658141159e-02,1.690616739436832938e-02,8.168676156622336343e-04,1.692698919039101408e-03,2.549331193150083334e-03,1.788100346145651484e-02,1.115234930899593330e-01,4.481008362061775913e-02,1.413490448824971518e-02
7.962385903902312800e-04,1.316764186590594667e-02,4.629814451420417865e-03,9.347042186526171095e-03,3.494783009956727287e-03,2.212728515899397598e-03,2.382289926145279499e-02,1.211600404790013630e-01,4.311766489639109329e-02,1.185471669940634833e-02
7.813156074973630523e-04,1.809493679423018059e-02,1.545163547565607445e-03,1.481535530058189498e-02,3.757003410819447116e-03,4.991567634856729392e-03,2.028741906683874038e-02,1.003962731449680734e-01,2.808023059340959693e-02,2.404299204878266108e-02
6.171966668030279182e-04,1.982570833522841539e-02,5.282592235662895465e-03,1.376028971301673613e-02,3.457835084636843789e-03,5.365517867491270861e-03,1.217810921272790420e-02,5.603348905021204862e-02,5.401289271647017470e-05,3.773632061043889069e-02
5.383292381126671047e-04,1.734160846268234177e-02,8.469032249528274381e-03,9.692168188063775627e-03,2.952640699857023762e-03,6.675100517445797799e-03,8.991251392615112747e-03,7.185232822720467004e-03,2.571399778960120272e-02,3.263793587057711026e-02
4.823172857515948143e-04,1.273867127154079681e-02,1.037017130750883184e-02,5.946486311741253430e-03,2.090515903220941003e-03,1.052684635718142796e-02,1.732451446173911835e-02,4.262445510086682737e-02,3.760392770403479801e-02,1.135098188899344614e-02
5.439960519591596723e-04,8.550776013781048734e-03,1.694774752139359061e-02,1.279123171621618241e-03,1.449379803311270790e-03,1.465659111394685375e-02,3.198071754049603560e-02,9.336464017085097100e-02,4.089905681984466745e-02,2.653697165485633010e-03
6.964320319384085991e-04,5.746491485660107888e-03,2.768337187945755021e-02,5.309415830147089579e-03,1.685736082321103889e-03,1.628143941795351032e-02,3.730277954923715000e-02,1.276391753236031934e-01,4.485372423583896401e-02,4.909810359185345224e-03
4.459924521816739759e-04,3.453443669774192322e-03,3.264120457413850762e-02,9.594491978950651576e-03,2.294403136858628577e-03,1.501770348280895111e-02,2.383320101567246163e-02,1.279531958653152279e-01,4.776892222298372015e-02,2.404487331091818836e-02
3.480274073595909312e-04,1.251133671701591026e-03,2.593916290256963880e-02,6.831043624445122531e-03,2.397291105061637520e-03,1.219915361200692855e-02,8.209665584898778387e-04,1.068820861678519418e-01,4.250375481157839253e-02,3.766404260971431550e-02
8.479740223544815839e-04,1.057365403329125087e-03,1.454790907065862254e-02,3.862240964433831807e-04,2.051714007112855065e-03,9.370490847488794836e-03,1.550585362448934391e-02,9.570079066969508497e-02,2.964445719329101420e-02,4.221665640831241684e-02
4.072080687768355671e-04,4.454565418553903082e-03,9.412316420884352108e-03,3.590599788967101594e-03,1.825579436136380183e-03,7.683417603723922962e-03,2.065552515810930093e-02,1.069023303586157103e-01,1.654557499594684275e-02,4.540271573785139431e-02
3.515362355446797387e-04,9.030918622651897681e-03,1.201837541841920681e-02,1.422003978162264320e-03,1.825007522202508033e-03,6.946855815227883507e-03,1.907470208719268256e-02,1.297659607098302637e-01,5.793981828395819954e-03,5.163286436749000424e-02
5.550427075283489000e-04,1.091159467885782948e-02,1.495140472787870323e-02,9.572219944502904573e-03,1.800820878237175109e-03,5.394866089886542551e-03,1.111237969523486482e-02,1.534931464350741404e-01,4.974778697327080640e-03,5.737990566054358005e-02
3.192557375364389908e-04,1.003439758178232069e-02,1.399278390339625533e-02,1.362011563198124373e-02,1.678648489400943414e-03,1.894412883691358202e-03,3.621940309401663720e-03,1.674032788905955027e-01,1.144156352605823698e-02,5.744452410701722522e-02
2.089403684338069433e-04,8.995791365542332024e-03,1.240275116175206839e-02,1.253902547040108666e-02,1.579630215463479360e-03,2.346482248969468734e-03,1.682803571072381474e-02,1.502553486342033118e-01,4.291062451684356585e-03,4.954890209967575954e-02
2.955950293004467851e-04,7.854273236949677051e-03,1.241709764851007397e-02,9.753521633898131274e-03,1.573995318516251693e-03,5.363031096123432873e-03,1.916558376140910930e-02,9.366301354736995821e-02,1.365163020791673038e-02,3.458100651130857628e-02
3.355142948552493473e-04,4.179941940818961317e-03,1.066542166180046644e-02,6.913586363810780323e-03,1.588846118040030970e-03,6.301214405277534049e-03,1.290605789744350695e-02,2.738974166437846761e-02,2.503177628078422090e-02,1.781864566844401643e-02
2.876913028164445208e-04,2.492491101729121979e-03,4.571293121401032167e-03,3.261433241168004184e-03,1.513138394625134680e-03,4.687212646563033644e-03,6.993877582516572211e-03,1.199436277521679500e-02,1.789301885920633467e-02,8.180988535923174043e-03
2.642063048440112649e-04,9.434776170281513469e-03,3.221451702535015147e-03,1.195811102126844924e-03,1.408943284501964046e-03,2.293387159480173888e-04,4.735566979562648958e-03,2.717071226715994312e-02,1.337262840498239019e-03,1.063968213417863795e-02
2.853001023865074171e-04,1.325730009416780861e-02,8.607210088078067964e-03,4.428821819763222034e-03,1.491999258980615094e-03,4.542351575720766227e-03,4.352001472610791954e-03,4.369270356915000431e-02,1.762679903591551911e-02,2.032462952751331112e-02
2.982628163167128327e-04,1.210631770941505807e-02,9.973704589993959840e-03,3.635868417351740406e-03,1.681134135993160670e-03,4.468507824442364239e-03,5.900509037377351176e-03,6.320109886236557895e-02,2.283777672148535123e-02,2.818821588337677708e-02
2.923699023195435245e-04,7.277785028926881880e-03,8.485059315956285098e-03,1.791899855988385651e-03,1.477619615142683213e-03,1.841061968465754813e-03,1.004586834929908391e-02,6.552295884551742611e-02,1.892945270979130845e-02,3.073377959764168540e-02
2.915200201781962186e-04,3.482458264225335096e-03,7.239494506182934941e-03,7.964445742589835661e-03,7.652761403911917913e-04,9.015418137191652873e-03,1.410650450633725572e-02,4.454309164669739696e-02,1.090611487749919284e-02,3.045159201531090487e-02
3.003470037792736226e-04,4.577723273755159722e-03,9.497127915982884333e-03,9.247617839334597994e-03,2.674695084728643960e-04,1.219087016414834544e-02,1.535260914198235786e-02,1.485800316807400767e-02,2.372024357488745124e-03,2.852925996539621561e-02
3.070252053503858339e-04,8.839051395997504432e-03,1.621823028679317616e-02,4.103361954627567781e-03,6.088721547459439174e-04,1.296338028913513601e-02,1.561209459371651689e-02,9.042795427629755564e-03,1.934459881596712000e-03,2.223243934539927483e-02
3.085554553798149275e-04,1.151876847989683969e-02,2.528992579170241672e-02,3.927799416103111216e-03,1.465228278911557972e-03,1.408566254387750953e-02,1.843958513008399011e-02,2.377941025024612326e-02,3.745449874261078116e-03,1.157574491062906760e-02
3.097763171753283159e-04,1.097447031859876201e-02,3.296377823318564354e-02,1.104831454027856499e-02,2.008682427932880453e-03,1.385633267629183402e-02,2.326721975390953420e-02,3.252673618923360155e-02,1.924565338381515819e-02,5.224244762943745790e-03
3.115277954594872071e-04,9.255709171403132124e-03,3.661287108112731836e-02,1.627017281822960501e-02,1.655077432594505814e-03,1.056109093482488284e-02,2.519395626212742739e-02,3.709019251262966888e-02,3.688161232397459827e-02,1.351163193370717198e-02
3.109912521819908297e-04,8.549707780823336684e-03,3.693022435333446346e-02,1.944509901192376794e-02,5.649156888952327777e-04,7.048568465419933343e-03,2.091001224659457328e-02,3.574491377141036930e-02,5.096942179766958403e-02,3.400538237219467852e-02
3.072547512446721250e-04,9.213402188857097372e-03,3.555909865047017504e-02,1.913013526095212399e-02,2.667616702484075725e-04,6.088135373654224476e-03,1.351525427600654659e-02,2.924619423653907271e-02,6.325925329397490138e-02,5.039595518127703427e-02
3.012244320588848188e-04,9.253153132427038158e-03,2.993888081009312904e-02,1.390471336058288730e-02,2.112378346258332053e-04,5.726290160176275221e-03,8.918180550634880951e-03,2.101210403581882033e-02,7.359973551426919613e-02,5.002815523399801317e-02
2.930200248473079235e-04,5.679865269612520765e-03,1.548955737474140212e-02,4.641153664048598519e-03,6.719158929184484161e-06,3.130052321228329448e-03,7.640283425366493214e-03,8.425772915451162567e-03,7.174688823762194467e-02,3.691525659474224896e-02
2.820156394443444690e-04,8.677703053120613529e-04,4.863655618382998168e-03,5.517083764114029745e-03,2.915895533538518107e-04,9.954462125178241763e-04,4.893575625334569551e-03,1.053139356058989569e-02,4.831151625930739379e-02,2.267283287952610513e-02
2.680843423305542881e-04,4.751493386405101355e-03,1.965841057225062305e-02,1.291600455449870045e-02,2.566744642337123739e-04,4.746138482952074605e-03,6.405811182192715962e-04,2.129326078935982886e-02,1.188999017714542292e-02,1.091992447134399954e-02
2.515495903324012350e-04,2.288291524031585075e-03,2.083914147760215080e-02,1.478526381811100764e-02,7.100114377856991607e-04,8.188231720993640467e-03,3.938068895726581746e-03,8.173836360732789422e-03,1.356573150698448318e-02,2.593134058930034874e-03
2.325608289915079632e-04,2.788252866585785514e-03,1.146751297821430732e-02,1.003107033924997143e-02,1.662483692977855627e-03,1.215508505380362425e-02,6.223270000076482804e-04,1.286040975228109652e-02,1.087038534903412082e-02,1.881687598941467199e-02
2.112065282290827046e-04,4.726392045053390972e-03,3.079567851383131598e-04,1.702190504443359823e-04,1.750783672774482722e-03,1.672311947639218768e-02,7.860203821825801490e-03,6.616293888002402167e-03,1.131085736912962672e-02,3.239245836390908240e-02
1.878926669362252909e-04,3.225373467328005849e-03,9.421586305311748996e-03,1.050557216359905392e-02,1.513732968888721478e-03,2.173363098321829529e-02,1.641064123475129144e-02,3.060274099328981826e-02,2.175620924643627621e-02,3.985350155524294835e-02
1.630730917219106813e-04,1.728346821253552539e-03,1.518672207580035009e-02,1.744189833340296925e-02,1.548485011989764052e-03,2.650638348468993197e-02,2.086312991990970506e-02,6.083163000369389700e-02,3.436034005202562476e-03,4.474258360058355061e-02
1.368592374105508797e-04,1.498481569477140216e-03,1.974161797414423700e-02,1.989684589726952585e-02,1.531024858941615503e-03,2.939459443416436377e-02,2.134060556248721513e-02,5.522159095934250916e-02,5.124494969316298332e-02,5.195251974364220593e-02
1.095777382907917134e-04,1.152812827427104501e-03,2.540358641925447719e-02,2.115778151433559892e-02,1.356751531069643781e-03,2.977270918627326554e-02,2.238949160291575299e-02,3.082508734156140170e-02,8.462525962506392552e-02,6.107801781994333379e-02
8.238093119155816876e-05,1.913283051306437557e-04,2.971469666831267828e-02,2.268054415424734793e-02,1.677045424519157512e-03,2.919600601731186032e-02,2.788568128769709081e-02,2.046042513559577156e-02,8.739501204593456973e-02,6.814885498394782082e-02
5.602803124478680026e-05,4.861232604492507427e-04,2.546721329007887308e-02,2.021097075519410341e-02,2.150598805643012465e-03,2.861252448257691622e-02,3.457190086245130051e-02,2.671757454394490042e-02,7.802746582633798833e-02,7.070891234724493990e-02
2.961017180821700568e-05,1.705897143692469437e-03,1.005673735105507352e-02,9.681424700877228756e-03,5.127099038871780774e-04,2.623727737168703167e-02,3.304382968190269776e-02,3.202725743984351919e-02,7.629472204337750529e-02,7.021251827240392041e-02
3.087324953105662550e-06,6.682858084575075963e-03,8.754301426356737165e-03,4.893027892036951564e-03,4.770609471708509366e-03,1.989054876471254077e-02,1.801317151530247226e-02,3.860349035203265028e-02,7.802547973149477623e-02,7.225118889391275723e-02
2.000820493975566218e-05,1.612819085288311888e-02,2.078030881418618456e-02,1.443150539689899356e-02,1.142032873314330864e-02,9.964391904966434649e-03,4.389743587038073304e-03,6.236350584434889599e-02,6.968204584011389313e-02,8.050891810089876033e-02
3.796286052834781154e-05,2.457475653860101070e-02,2.316046709479288590e-02,1.492790950684725997e-02,1.482485497596768703e-02,7.555210563078005367e-04,2.377605870337033342e-02,9.477296704722784626e-02,5.031977072277230706e-02,8.572943416182968179e-02
5.681444942657096599e-05,2.537582136323231902e-02,1.945774893073260597e-02,1.043393113792078983e-02,1.293858941175498288e-02,9.276294643948345200e-03,3.745572770367771448e-02,1.078241378633005426e-01,3.012052814286506064e-02,6.995377702660865449e-02
7.902953522841504679e-05,1.862647124137616766e-02,1.438211432793631145e-02,6.772009242043350481e-03,8.192707263442332646e-03,1.402378954124824072e-02,4.928938952927383599e-02,9.353423302549125629e-02,1.714638905664870108e-02,3.053729202641924934e-02
9.058309449100736808e-05,1.044105901839412556e-02,1.173827099572039706e-02,6.045672014938994684e-03,4.002339094271923324e-03,1.449567095989057371e-02,5.926726334714713107e-02,6.671264220589324945e-02,1.204093929736768306e-02,1.035931991463902996e-02
8.483469258407378550e-05,5.135065349167122588e-03,1.252379509019473612e-02,7.022631268276989698e-03,1.254004884266879741e-03,1.043755701771962793e-02,6.196127430060623803e-02,3.563568403131284895e-02,1.002593881919489061e-02,2.914233279062964158e-02
9.076716098895811977e-05,2.045634439500535091e-03,1.318529269735202111e-02,7.491153757605553340e-03,7.151790378150967888e-04,2.939123181010060322e-03,5.505180430507744527e-02,1.822311886440547771e-03,4.254169470191073062e-03,2.355599573600064556e-02
1.227537665511159264e-04,2.715695377844952550e-04,9.069527102214352404e-03,5.233005292308310144e-03,1.953869888341098170e-03,4.786882626500097576e-03,4.269455517359722202e-02,1.953257347896852208e-02,8.495843721663167911e-03,6.247361552897890552e-03
1.189521636149201510e-04,9.650590519159692356e-04,1.054062180941521944e-04,1.000469059929240531e-03,2.339441721890969141e-03,9.964018100659912530e-03,2.934844810849325178e-02,1.279522916520180881e-02,2.278424148469978400e-02,1.310331247919281107e-02
4.698737895254358253e-05,6.551169901523785661e-04,9.532104594737730863e-03,9.041465396421423731e-03,2.305809906138373347e-03,1.251363983852249971e-02,1.629190566708340129e-02,9.768271723891221517e-03,2.834091617224984011e-02,3.189225448700865051e-02
3.842067256741162979e-05,2.499484210233742475e-03,1.243731315598456226e-02,1.247672622126161715e-02,2.029421867866630126e-03,1.310855132872420017e-02,5.915059671013172399e-03,2.184695914132289002e-02,2.062893655998744927e-02,4.738935640983903824e-02
1.666993666671574359e-04,1.778016319242522059e-03,4.791481505755555703e-03,5.893040147484646454e-03,1.443905688790320238e-03,1.082415046747170484e-02,2.552442017034745395e-03,1.761471363805160867e-02,5.494788484101911785e-03,5.439287456801339404e-02
1.512799485441559131e-04,1.369485374285319031e-03,9.663406117599665501e-03,7.753179337312055691e-03,1.139543554711822722e-03,4.804090370139835892e-03,6.343674072870541733e-03,1.043802750313882824e-02,6.779778946249093163e-03,5.274007710185409786e-02
1.826966144233250849e-04,4.172114151812548848e-03,2.101026923452791600e-02,1.850187360104737361e-02,1.641238310382704072e-03,2.901886945935240950e-03,1.284535405711753273e-02,1.122736255123523222e-02,9.550170846155928497e-03,5.101351993970382193e-02
2.058650388249361131e-04,4.873703837941657097e-03,2.263794046600924731e-02,1.948255436475341412e-02,2.348867314935832330e-03,8.603074438379095662e-03,2.018654898868453215e-02,2.465761980502259934e-02,2.267858859005525765e-03,5.605608156836570238e-02
7.697525733675527216e-04,4.513405692160555281e-03,1.606914916619738357e-02,1.216199126894822700e-02,2.598347267658932761e-03,1.161947913043221391e-02,2.965334852068817612e-02,4.935199400184235585e-02,1.185339923534376415e-02,6.448375185033017321e-02
2.003254054241280190e-03,5.077996904127363674e-03,5.838344935815060512e-03,1.615570870843856862e-03,2.700783294691105722e-03,1.534987242190322294e-02,3.877727071612394050e-02,6.984449854925448009e-02,2.880986653835386838e-02,7.121418495159263784e-02
1.984665200316642654e-03,7.078359632065264924e-03,4.801613693539253519e-03,8.254218812616462633e-03,2.781252775234836078e-03,2.171506419726184842e-02,4.116582617800959576e-02,6.478695219960416141e-02,4.483447613099761364e-02,7.523908509419036106e-02
7.032314462650093379e-04,8.672358148204193512e-03,1.263883682597171515e-02,1.443713214521618292e-02,2.059587816605775064e-03,2.697197933059472877e-02,3.497805827904146292e-02,3.335714986892839712e-02,5.630771537933580706e-02,6.844774225233279941e-02
3.274632643063385938e-04,6.768551657002930613e-03,1.502457587756904876e-02,1.516864759653183299e-02,3.145609532647233668e-04,2.643758946481344907e-02,2.635018826368509814e-02,2.745090446861176911e-03,6.186651019996679268e-02,3.717610374486775976e-02
3.358644196964303955e-04,6.008817104651990914e-04,1.260439412344325875e-02,1.163396420538793247e-02,1.511662436057890956e-03,2.126016488029532775e-02,2.157914273649064185e-02,1.168996881259377375e-03,6.491114418371865535e-02,1.137415041911397917e-02
1.765693488434065908e-05,5.593264364354643380e-03,7.539188524493594008e-03,5.860564628114406371e-03,2.925067596813991401e-03,1.635510767474637750e-02,1.905057899704709623e-02,1.464906636444316020e-02,6.921485035539022557e-02,4.551885283658518855e-02
5.591212225677030258e-05,6.224608783723899544e-03,9.384952467753277308e-05,2.075956512481521958e-03,4.306123824794865461e-03,1.343466196062239985e-02,1.233358822091099385e-02,2.060752739238253667e-02,7.080134430778722843e-02,4.817779272637423560e-02
2.557216826894412602e-04,1.192104910146927696e-03,1.022892309709537081e-02,1.135254386500179208e-02,5.124895163464329717e-03,1.069075030985344905e-02,7.876931674386201607e-04,2.836546291650641257e-03,6.097765210754533399e-02,3.869709437018559184e-02
2.226609016370504073e-04,3.889047510956012820e-03,1.878562311539725901e-02,1.745654862824971842e-02,3.820522171937853519e-03,7.888528146783360326e-03,1.613573863311984838e-02,2.541693197708516996e-02,4.022700833368545587e-02,4.140551309197296193e-02
6.853531776967939206e-05,4.800559274746414237e-03,2.009858865790519616e-02,1.621838767675782417e-02,3.964873490736841298e-04,7.031404187696025168e-03,2.829847904751880278e-02,4.707456336293540378e-02,2.170452350547072418e-02,5.332785153877706019e-02
1.679186060436137586e-04,2.724377852282590471e-03,1.346311798212226213e-02,9.308479568966531587e-03,2.653954557141579434e-03,8.680158852807427425e-03,3.419506145042755518e-02,5.353955781587288465e-02,1.690248589949911590e-02,5.601141339449543233e-02
4.202062150433704887e-04,4.326658778147872680e-04,4.698203448644067831e-03,2.614012796469793957e-03,3.149301951735497453e-03,1.104906410645011688e-02,3.316449371390070566e-02,3.685584126882334582e-02,2.412342967381313208e-02,4.172338576388321535e-02
2.001134408012974271e-04,1.249490601148232558e-03,1.291182543168735561e-05,3.441034357646468146e-04,1.810906667866449358e-03,1.219314437698561411e-02,2.725762544937146425e-02,3.437671112881999537e-03,3.463654478028194844e-02,1.747733474953280103e-02
6.009844261834300632e-04,1.572822178539636613e-03,8.578248492876936436e-04,1.480617981043794423e-03,1.043428485013995002e-03,1.119419767478783967e-02,2.052630948917396128e-02,4.525156352576040208e-02,4.362307529243847348e-02,2.513788221637295629e-03
1.083874115416383777e-03,8.359807076294375246e-04,3.148148124072144838e-03,3.985871920278904502e-03,1.787951182666987519e-03,7.838465206227359164e-03,1.577231557122929506e-02,6.020501861374395053e-02,5.019810131387756474e-02,1.322328848212886432e-04
6.163865573776957730e-04,4.693680671043321158e-03,8.212253094044646290e-03,6.386449748185624338e-03,2.701273443309636958e-03,2.443270893204579734e-03,1.333078742850722816e-02,4.456131547801246706e-02,5.122193626248949805e-02,3.772551867178536300e-02
1.497547875541901192e-04,6.490960749918723953e-03,9.695103406795996248e-03,3.441183262436505689e-03,2.491538879208352129e-03,3.611652342577167073e-03,1.391612153331629395e-02,1.533402176170640258e-02,3.956947214346374919e-02,9.699496936585810802e-02
3.479701492665496047e-04,5.680918531999644937e-03,1.196965922084232675e-03,6.583436429981629964e-03,1.927053003453499391e-03,7.640221818980746926e-03,1.912951835472837328e-02,1.581870875658577050e-02,8.592736886233470414e-03,1.408945391614877807e-01
1.082755916785306630e-04,5.083579560963702969e-03,1.451535833524357499e-02,1.857064662248673892e-02,2.415237095108670705e-03,7.092697738952193076e-03,2.687873002700492259e-02,4.441643995593042710e-02,3.866828704072554357e-02,1.419585940710923755e-01
6.871511091591122992e-06,5.221046530109665386e-03,2.707582277564040199e-02,2.611883767626998684e-02,2.983591198179966642e-03,1.757311916586367685e-03,3.001801741239205901e-02,6.066977384205624740e-02,8.393174497564631631e-02,1.063518855367060478e-01
6.822834376552723199e-05,2.905484500426439715e-03,2.875580121428351552e-02,2.788438789089007358e-02,7.021399706543144737e-04,5.875022470441379138e-03,2.276408176514824189e-02,5.759478067347974239e-02,1.056388040701309317e-01,6.026314465588992336e-02
9.182250617621005319e-05,2.919368092560644355e-03,2.056117506741191037e-02,2.614886704347592350e-02,4.847863379682256120e-03,1.223021721238934378e-02,6.798646661935903862e-03,4.293540131991653575e-02,9.898401753324741204e-02,2.479763089069486268e-02
2.669545560955021720e-05,7.958776343934641923e-03,8.339100363615743750e-03,2.158340886707460146e-02,9.538614358856145267e-03,1.448043631937462848e-02,9.790378906512698862e-03,2.686573483237016460e-02,7.661775110024417190e-02,7.324966194027456023e-03
1.471104777973649520e-05,7.656766443963006728e-03,3.017993142819954278e-03,1.349786327939072120e-02,9.111813698556176302e-03,1.215795356299163681e-02,1.929510484547413557e-02,9.132590719428523157e-03,5.199800093140657248e-02,3.294038862809942417e-03
1.256718122696291893e-05,2.912637984805876643e-03,9.904110499885505209e-03,4.495364969988108021e-03,4.282872228201635607e-03,7.842612591593063273e-03,2.219823602257174969e-02,9.329849022889037322e-03,3.169119503618798156e-02,1.356750747057076240e-03
1.850550060155866318e-05,1.689018098511538583e-03,9.663584628044095265e-03,1.065763840354649319e-04,4.764866845938122266e-04,4.982373313580607671e-03,2.684839208657108581e-02,1.627525024194999975e-02,1.943049940648724355e-02,3.926815742968388367e-03
4.190547770255593092e-05,3.593782930292173817e-03,3.677545140490793424e-03,1.132120413654428550e-03,2.262768958247786313e-03,4.503869725500438126e-03,3.781457346968144367e-02,2.745624270718517376e-03,1.657614071202909503e-02,2.436501958731849757e-03
5.792228289041507811e-05,3.661437159892566226e-03,2.934707223672170136e-03,3.772209736795948364e-03,1.894817630745506201e-03,4.812199608834794723e-03,4.918158434053963857e-02,2.308722537643100731e-02,1.996408455535976859e-02,1.929891420453786616e-02
6.089690667478130906e-05,3.070768544921405069e-03,7.733891087319308584e-03,3.493423940261375545e-03,1.329779694137184698e-03,4.645102740362309565e-03,5.364286492265256390e-02,4.870964041157779117e-02,2.554321247246790424e-02,5.531565477734437519e-02
6.220754943495934426e-05,1.991364114036405127e-03,1.327929247291928863e-02,5.914160494841264222e-04,1.278910930239608073e-03,3.970206617542539236e-03,5.083440548562694061e-02,7.453956871593721278e-02,3.250516599493968178e-02,8.074935043836953263e-02
6.515858183409514704e-05,7.123153287623469219e-04,2.079326556932136263e-02,2.296082329498343177e-03,1.607839263728800747e-03,2.564164730928435252e-03,4.265151297762779375e-02,1.020966318507217502e-01,4.073341415325677090e-02,7.758299264439644238e-02
6.367509000796653688e-05,9.569839917663643548e-04,2.640743937002230923e-02,3.748866707088462872e-03,1.913270609663255328e-03,2.913884370439619024e-04,2.897103622774646267e-02,1.123449367644761138e-01,4.690519706560845881e-02,4.972531022576386767e-02
5.418488056932693644e-05,4.344789916591879596e-03,2.639777881186344821e-02,4.368292455224150224e-03,1.367877722244350679e-03,4.650723948183946993e-03,1.215040455834177739e-02,8.281973014255469834e-02,4.638774065895681642e-02,1.313362088362196069e-02
4.068046068925446182e-05,9.316648538876662333e-03,2.150475210765954298e-02,5.945879857332856018e-03,1.382546604687335591e-04,9.567103675181012207e-03,9.304079286711654240e-04,2.690974155362101800e-02,3.780735999916166878e-02,1.573993726909051621e-02
2.904208019100984928e-05,1.317584616107586246e-02,1.402241737586186476e-02,9.445565954165204697e-03,1.051230908560370604e-03,1.393312354128470668e-02,4.797135406569324328e-03,1.569722082396560539e-02,2.394081175836298286e-02,2.286750880342415526e-02
1.539978442579896390e-05,1.413546527335162242e-02,4.916895543138945397e-03,1.323628517951870587e-02,1.950544904473163648e-04,1.699694102206114610e-02,4.626363597788143728e-04,3.202309354879501191e-02,9.034380206499022584e-03,4.621154857217692376e-03
1.122538094731620984e-05,1.263915529860811654e-02,4.824598788895724175e-03,1.478471570651371941e-02,1.296645386567950092e-03,1.833179732892437422e-02,5.905341739881261008e-03,4.537618182353138352e-02,4.377613515540191083e-03,2.320583615200602287e-02
4.381067817111523481e-05,8.561080721988013204e-03,1.324318617696851677e-02,1.394421857288566727e-02,1.779347349016662059e-03,1.829082421449110957e-02,7.217731053109352653e-03,6.714644083903424654e-02,1.712175147137088432e-02,3.591081271917462986e-02
5.804439830597788976e-05,1.692009600481910467e-03,1.869230022612869760e-02,1.266113886193612377e-02,1.335493101936827348e-03,1.816051071954073379e-02,8.012999565688515811e-04,7.465241786198704987e-02,3.042226659195194222e-02,2.421976126457073969e-02
6.604427905327584121e-05,5.214569059269836063e-03,2.084756075697511910e-02,1.202556849873192071e-02,9.815522256963430271e-04,1.836678138795638793e-02,1.672514896567964607e-02,4.790407133478654517e-02,3.983043645352532525e-02,1.819340739197191324e-03
1.182885760671714259e-04,8.798803575620829653e-03,2.066712741794330538e-02,1.154987826580793769e-02,1.144839669856125139e-03,1.691784923190078546e-02,3.330937174966454306e-02,1.232760728399602199e-03,3.648557756376306915e-02,1.371782902523601723e-02
1.889789235279198747e-04,9.274999856291186312e-03,1.967750647791801505e-02,1.076162569093507861e-02,1.529589864456069263e-03,1.177566108818705465e-02,4.282363727015540272e-02,3.552345233297617144e-02,1.842576414318152639e-02,2.050861794755700490e-02
1.678903301702921688e-04,8.232389129734819788e-03,1.882490655581463626e-02,9.873961564007665767e-03,1.420309370373645840e-03,4.555561952047105720e-03,4.407033876541616851e-02,5.239372600680294867e-02,3.512022171001725861e-03,2.840954995475601305e-02
1.050006721129751022e-04,5.395506534331336555e-03,1.805567254676221367e-02,9.115655186259072687e-03,3.472138400425522540e-04,6.772326263305009694e-04,4.222426204530146943e-02,6.158612230319848724e-02,1.538617232491213196e-02,4.250426214769965211e-02
2.376729625820309534e-04,1.482024655783064325e-03,1.710456339607686546e-02,8.398431378439047065e-03,8.996253899423621797e-04,2.316330766270253104e-03,4.083786293233050702e-02,6.796195058674067702e-02,1.278869028577034848e-02,5.836477753947783703e-02
4.728797672786390046e-04,2.107347791125342186e-04,1.610482539147686451e-02,7.622742157008180822e-03,9.145153540550305955e-04,2.399002287411558867e-03,3.744631870501297088e-02,5.516889141110610517e-02,1.494054289092355174e-03,6.953185030818326284e-02
2.568980212744708790e-04,3.416228376447328925e-03,1.516284259300347201e-02,6.837356259695056421e-03,2.763510762289843716e-04,2.901098578668942149e-03,2.940356265737383359e-02,1.416873246907150892e-02,1.105459268694960508e-02,7.182065861051022126e-02
4.815787944279728170e-04,7.709796631597620221e-03,1.396109487241651431e-02,6.098136489145669810e-03,1.214150490271782151e-03,3.347522890903138065e-03,1.970187871891125597e-02,3.136207145801363227e-02,2.193989735288699033e-02,6.185960392218285003e-02
8.929343847249428343e-04,9.185543922631538016e-03,1.225903551432854822e-02,5.391404151931920852e-03,1.173727303419387115e-03,2.231610684627637758e-03,1.258398734510747345e-02,5.239589704129409692e-02,3.146293100176935503e-02,3.809543292713016976e-02
4.512145166399772391e-04,8.238900063420527900e-03,1.039676128457959689e-02,4.698943466096622799e-03,8.146157607942537465e-04,1.111886720086599804e-03,7.843046584148423428e-03,5.219740375324667669e-02,3.864675109176261836e-02,5.792331048407610775e-03
2.442969215317722983e-04,7.358614542344376307e-03,8.930854558226963141e-03,4.034510087791357349e-03,7.390679617099951042e-04,5.766678926077590389e-03,4.469967079275613021e-03,5.150536123131911614e-02,4.127491285815172717e-02,2.158393487517531670e-02
5.665716680300472751e-04,7.176587016491050609e-03,8.053651451593230037e-03,3.413681995895999355e-03,7.930788902563410975e-04,9.205496099120139691e-03,4.274287986184333726e-03,5.441333076990396977e-02,4.011951704907536220e-02,3.113748747622820806e-02
5.705203513379125723e-04,6.846897320057938711e-03,7.529563989413212352e-03,2.836254620355080965e-03,7.498757864905223388e-04,9.323026336049913473e-03,6.910557845146002992e-03,5.116167641527031434e-02,3.770905966319176850e-02,2.322949255844209554e-02
2.562443578358850364e-04,5.882121607834488175e-03,6.970324559188934704e-03,2.300020662192270911e-03,6.581143547721848364e-04,7.251773702375188813e-03,7.948597121261247525e-03,3.758421258601539472e-02,3.088393681214244429e-02,1.128586037979635928e-02
4.309641810077757601e-04,3.461857172943004143e-03,6.099968922230195739e-03,1.809081731377360077e-03,5.370635839552345952e-04,6.107014910772962275e-03,5.805272882254079031e-03,1.873068968983725505e-02,1.205383756446902661e-02,5.165554946748317049e-03
8.638797174325135849e-04,2.019621559887911297e-03,4.876893514839820282e-03,1.367421871635794315e-03,3.972825652656303058e-04,6.757290141003442427e-03,4.005628815451463091e-03,4.620287680034416630e-03,1.728067171807040267e-02,4.296330887268570362e-04
4.430374652170115815e-04,9.789140984054240865e-03,3.597155914730816584e-03,9.748876746000871823e-04,4.212508581197791941e-04,7.345219694025753587e-03,4.781105585386771079e-03,2.112077128108495131e-03,4.200732264127267357e-02,9.560273151967727673e-03
3.057708696573738596e-04,1.473985260783629812e-02,2.827325231020348575e-03,6.301261744599700749e-04,5.536447959620890459e-04,6.734558786920838251e-03,6.727205161796908327e-03,4.165910804943924114e-03,4.855277267879644365e-02,1.887472513384149536e-02
5.330807488252712256e-04,1.278242646829905009e-02,2.550197910832324635e-03,3.325086152064465721e-04,2.606631903061829838e-04,5.801085277539834092e-03,9.025526012129463094e-03,4.336021162927075276e-03,3.868856308479746986e-02,1.733248832998372096e-02
3.103307384016852741e-04,6.958522663672334942e-03,1.554152735756017577e-03,8.081136445997681543e-05,5.826642529515181201e-04,5.423272668667644507e-03,1.255897944272698318e-02,2.721388195509848174e-02,2.457992643348251571e-02,6.993277668214281650e-03
1.913290473457014262e-04,3.533431617803606956e-03,8.896337420083617886e-04,1.276413401662988356e-04,1.118006850126421680e-03,5.268953410746130515e-03,1.742675194445343981e-02,5.386190281358464726e-02,1.551628664637723018e-02,1.606319505317472911e-03
2.691498937532443131e-04,3.594404664413632447e-03,3.127352545734491361e-03,2.962854833972434305e-04,7.100877433470623775e-04,4.820396983290620163e-03,2.321414450836798218e-02,7.430250711628182125e-02,1.180272484471127370e-02,4.517332996570022456e-03
3.064881904099153709e-04,3.498968081975385117e-03,3.086295930565093916e-03,4.287997628144841035e-04,7.216850323710769692e-06,4.402705376375856509e-03,3.008882727226131273e-02,8.562528036058740522e-02,8.086145901407841910e-03,5.334619156976401141e-03
2.534115445461499697e-04,1.639935128184481176e-03,1.510914943724708109e-03,5.292953821854997666e-04,1.774729965308380168e-04,4.525350505722962671e-03,3.696624263452834985e-02,8.497417414123528689e-02,7.675715501709503424e-04,5.371638747287407062e-03
2.200673692147718258e-04,9.860289922729008490e-05,6.901488475031867902e-04,6.024157746467574638e-04,7.227244564244387451e-05,4.360911490207404484e-03,4.117043099011795382e-02,6.956318368484730452e-02,7.847919991583348492e-03,1.243015873932698002e-03
