1.047923002956957922e-01,8.802227591353749270e-02,1.523301594466298925e-02,2.260143118907397865e-03,3.301681922047335939e-03,2.739415975696933656e-03,4.633625352613317955e-02,4.614045096730655382e-02,1.071741150917654602e-02,1.088348082851711002e-02
1.219197827043845689e-01,9.841117269633038733e-02,1.169844000333841033e-02,6.108714833457212215e-04,2.277224288803349726e-03,9.478757322071858747e-04,2.207133800252433081e-02,5.590501141542966734e-02,1.345202438374924585e-02,2.309175042813015402e-03
1.353612750424741384e-01,1.032068419727585618e-01,5.715974986885270955e-03,3.765670836284354091e-04,1.215237979596486264e-03,7.117451693948321015e-03,4.593811758685557856e-02,6.983040133985592146e-02,1.554193481488671223e-02,5.998172582349447710e-03
1.444277737730838285e-01,1.021766936980026547e-01,1.169880800987529654e-03,7.314450783742115813e-04,8.005394206764879889e-05,1.177737695338300708e-02,7.359821906892430321e-02,8.086876698543225828e-02,1.771898899763929905e-02,9.082878640600892603e-03
1.537763586394094439e-01,9.759879912654201295e-02,2.484258290135946123e-03,2.075835383425804828e-03,1.213487892364662054e-03,1.531652344431707995e-02,8.280005670352769132e-02,8.589852241459039472e-02,2.036926208290726001e-02,7.547220711849638580e-03
1.666504671601288790e-01,8.855268431134546980e-02,4.542420696697510585e-03,4.654429074619807587e-03,2.603106340153539880e-03,2.040067551522932107e-02,1.130482159178472917e-01,9.126846633294222189e-02,2.256272641290585704e-02,4.618150623722208983e-03
1.758119537017715228e-01,7.531068060731692382e-02,1.387079789741097434e-02,7.050025780905609836e-03,3.927752208978376770e-03,2.484407669084716039e-02,1.773107537779505527e-01,9.864801514841887997e-02,2.406394070397054399e-02,2.254350976214567100e-03
1.667736394989614290e-01,6.694082945068399737e-02,1.946950690521691979e-02,8.992950528884271003e-03,5.313868654468859552e-03,2.401680399329866530e-02,2.122958720251828801e-01,9.746069455359865352e-02,2.653730832346945859e-02,5.881590874775477658e-04
1.297922673831871376e-01,6.997850650960858732e-02,2.223129804999353712e-02,1.109904059314072503e-02,6.857032186462521522e-03,1.909651131776145608e-02,1.665195490172986514e-01,7.967614707859120571e-02,3.069905314494041082e-02,7.076024996380467051e-03
6.679931717191596452e-02,6.955604420165528712e-02,2.357876215542036372e-02,1.193835828423313837e-02,7.335474622002233387e-03,1.508018665341690455e-02,7.024073803263068683e-02,5.144936737540018595e-02,3.430531059394393428e-02,1.714524694504169708e-02
7.663103648829677587e-03,4.224291665683072711e-02,1.946361136430594524e-02,8.985028004378347449e-03,4.441328270749303649e-03,1.135141058288438067e-02,2.930138646775358111e-02,2.357273253178082673e-02,3.489313011982476259e-02,2.322659426865238130e-02
6.930208815763853891e-02,7.752581468448736975e-03,6.122711429280476049e-03,2.683706767333747870e-03,2.140846444691512414e-03,3.139487876352859905e-03,1.311360661734299049e-01,1.294633502645633344e-03,3.237989513657313356e-02,1.732730200242716539e-02
9.541743384535639194e-02,4.632262814173386534e-02,1.249637298225260776e-02,3.391851589195445018e-03,8.867315741128700690e-03,7.541142828759356959e-03,2.274886789946451993e-01,1.045927186389573882e-02,2.764247815826523583e-02,2.759210744435320033e-03
7.799772581847147501e-02,4.815999713057832893e-02,2.689421890463098916e-02,6.352094426830616827e-03,1.123371852931860301e-02,1.193294690478080219e-02,2.601168925766811357e-01,2.371091012391421740e-03,2.137625291640591479e-02,8.037406240385135819e-03
2.676092394480405340e-02,1.810681177569466171e-02,2.945907633482293050e-02,5.591596489753001067e-03,7.795387207420134863e-03,6.694690417505148178e-03,1.959981869782550512e-01,2.861674783643675113e-02,1.633805826230135330e-02,6.607922053692620243e-03
3.402028552398657368e-02,2.671584411820036170e-02,1.915413589700803651e-02,1.399038395497349081e-03,5.981132633259709976e-04,1.772143390654628333e-03,9.623961031938899069e-02,6.683568536945513894e-02,1.766189610227607634e-02,6.778748650576374261e-03
7.509209224128432503e-02,7.527219093610666711e-02,2.359474717655099269e-03,5.387107452390110969e-03,6.863256778681593034e-03,5.945047052916809134e-03,4.188836609149871465e-02,8.822801831764810754e-02,2.673131792907026960e-02,2.754485499533745538e-02
8.391715373570000913e-02,1.215119608542104962e-01,1.102181903783708804e-02,1.290636589531841787e-02,1.170996762969796906e-02,4.949175527709950492e-03,2.037453923379687823e-02,8.816611777215117851e-02,3.637884877825112856e-02,4.927475432065564487e-02
7.312777845018847422e-02,1.605710694871582966e-01,1.627247278160632096e-02,1.943220886620408011e-02,1.343437748473645318e-02,3.678768429620273180e-03,4.258390460526410848e-02,8.474560475195548614e-02,3.818926012940850045e-02,6.481347617896651703e-02
5.367228438484906300e-02,1.874055621020007667e-01,1.751970320804117909e-02,2.402547259446440736e-02,1.391023788822592401e-02,6.764587646970357353e-03,1.532145766838311218e-01,8.582157270700402352e-02,3.378351276837193717e-02,6.924008826912289583e-02
1.655286547396460362e-02,1.918004252742445404e-01,1.919332481480558183e-02,2.526405603768150723e-02,1.497972772628911736e-02,1.393631547720598426e-02,2.392617941710674379e-01,7.502848078637881779e-02,3.105239143368166907e-02,6.302714828685219983e-02
3.574515378581085562e-02,1.591581420782360867e-01,1.795484829408803065e-02,2.216418214881498913e-02,1.710647288292704848e-02,2.224445162168912915e-02,2.698610312855317384e-01,4.602575069297935167e-02,3.055055345172383655e-02,5.402654153591597563e-02
6.384481074360191799e-02,8.463063991759120497e-02,8.820357549695699573e-03,1.712792419302589658e-02,2.055014756303087317e-02,3.196471303101420386e-02,2.876860590449652477e-01,2.412332588315070289e-02,2.614823627172196269e-02,5.300761966951340193e-02
3.602638578569614114e-02,1.377477477669521340e-02,4.209920751681881478e-03,1.430413214395869978e-02,2.527765055900451502e-02,4.541476766282558780e-02,3.086111299946799891e-01,3.136317492523089251e-02,1.824066609374768930e-02,6.186084168214239093e-02
1.509450450484476833e-02,1.004320706080326087e-01,1.033194355795198985e-02,1.460873947556837540e-02,2.935685698615081787e-02,5.907469605651349820e-02,2.865332285649485611e-01,5.097165615381841347e-02,1.485560164699909098e-02,7.058409176356074399e-02
2.133673173561501102e-02,1.440807071946888229e-01,4.810075598543478263e-03,1.554343704681235283e-02,3.001986108193284084e-02,6.352883337082500248e-02,1.982855149278269224e-01,4.555089810349637058e-02,1.942062370778156050e-02,7.069756395143532435e-02
3.730121055926197832e-02,1.373808723641980201e-01,5.244577639892464803e-03,1.502957481638083140e-02,2.626749545110427034e-02,5.406514132513540183e-02,8.272941755491719507e-02,4.446703611927156283e-03,2.689982296552231866e-02,6.304572293649758630e-02
1.122777322375615450e-01,9.508086345938494832e-02,1.102764123587072001e-02,1.291260595572250001e-02,1.905796990139669439e-02,3.630813671290065298e-02,1.487580741192729913e-02,8.628015377441251854e-02,3.206665645660344843e-02,4.753410648836652042e-02
1.492713128123858146e-01,3.604525083162703203e-02,1.343955013461066092e-02,1.022246522369711988e-02,1.066788831624513635e-02,2.070102892417404958e-02,6.919899360746689654e-02,1.598613194836665807e-01,3.375684676566976378e-02,2.028935795996766531e-02
1.357846912994467581e-01,2.466445649803930204e-02,1.747883799608176969e-02,8.300697571724927060e-03,4.692989941275663157e-03,1.542338107143096868e-02,5.697283951993613316e-02,1.803567497111111806e-01,3.116995818874085042e-02,1.083098178199887879e-02
8.418868591043103533e-02,6.867858823985031891e-02,2.083234504289669525e-02,7.802809600238576684e-03,3.881956448525488660e-03,2.137392938283803889e-02,1.600196832632615543e-02,1.384975804044991654e-01,2.347443586934530244e-02,2.600541008533483259e-02
7.925604915606664427e-03,7.839882266728037674e-02,1.930726434293887975e-02,9.354180765770308409e-03,7.696812775668858929e-03,3.108864206518183876e-02,9.333919253257665083e-02,6.961831090678710643e-02,1.430208192402366782e-02,1.726522742138454636e-02
6.974791583986944543e-02,5.523818880025350986e-02,1.792358258352961392e-02,1.507044253884328930e-02,1.455497169806674491e-02,3.874779218006212111e-02,1.382195075880646995e-01,5.894105340883609712e-03,1.049839715151678482e-02,4.382897665461116948e-03
1.136310702101447634e-01,1.677308892535129756e-02,2.359838923663649252e-02,2.589132745462148499e-02,2.430116273788563916e-02,4.870631079936554864e-02,1.746017896147128712e-01,5.463111905424467007e-02,1.361980972491326838e-02,2.568607013393262722e-02
1.032515441523443045e-01,3.032684163522219103e-02,3.242172231289959516e-02,3.715556252619276606e-02,3.487073717223682090e-02,6.213765647591068531e-02,1.886164702090549761e-01,1.115243821345573982e-01,1.642851592453782941e-02,3.531897413096067584e-02
5.073760478092032011e-02,9.262742104395799148e-02,3.668767926344802810e-02,4.160254175643548352e-02,4.063020455411232162e-02,6.351499256812666305e-02,7.768217412398842336e-02,1.350710779822142660e-01,1.087728277486937900e-02,2.009032683743130002e-02
9.674075601243925168e-03,1.571489345683522720e-01,3.890762439295216563e-02,3.774997658308121284e-02,3.923835638390124614e-02,4.104289591941436693e-02,1.897033953039729270e-01,1.104998648660055482e-01,2.203913722766608768e-03,1.826271105065218128e-02
4.373378624082294858e-02,1.839484523772248747e-01,4.651340180772267630e-02,3.114025974275670683e-02,3.628722958011149080e-02,1.335429639613142788e-02,4.456099723282772040e-01,7.570750241503573785e-02,1.289332792365696298e-02,5.194989340566585206e-02
4.181851539214177099e-02,1.469768579693371824e-01,5.684480395741293990e-02,2.690241265916722482e-02,3.813404731536074177e-02,1.204160385409675654e-02,4.817839172019802718e-01,8.065876517529486922e-02,1.093130282432585101e-02,5.531068699710180864e-02
2.351054027670002392e-02,6.111992293099603041e-02,5.994443886836087892e-02,2.503055304266989939e-02,4.324794882450785916e-02,4.035537626415099804e-02,2.826946659017495755e-01,1.317702917865236911e-01,3.373500658632324224e-03,3.648891491888998917e-02
2.060611121471614404e-03,3.921973351414489994e-02,5.536541984812667905e-02,2.322418731072989698e-02,4.463746047666855565e-02,6.917660957617431661e-02,7.455775221629311680e-03,1.958473236037487075e-01,1.683629257235662660e-02,2.512404741223353902e-02
3.500460382977379353e-02,1.242069018931992452e-01,5.471881690025967582e-02,2.069826300298783020e-02,3.878537597759718764e-02,7.365593746433513056e-02,2.014372938785383704e-01,2.351144280148478316e-01,1.789652158154780154e-02,3.396468457863827117e-02
7.995504794506547164e-02,1.668364626535509265e-01,6.447808838085607175e-02,1.801170907630504289e-02,2.919432392265669876e-02,5.810588384479113688e-02,3.073240009673164352e-01,2.256278782261227633e-01,1.136939221555645363e-02,4.547946937145930235e-02
7.647871743124322330e-02,1.462635459169386587e-01,7.478291975521993151e-02,1.522423144308215903e-02,2.163435287133073578e-02,4.198330237887991367e-02,3.236073478437345718e-01,1.658309005347189669e-01,8.766311177331832100e-03,3.890131468091920230e-02
1.108553723058093229e-02,7.008492185228815119e-02,7.168788315452259696e-02,1.183259999272825297e-02,1.778542528898299432e-02,3.415806131083994751e-02,2.747965962779687632e-01,8.388855603630322733e-02,1.004672544780438846e-02,1.934393531182980810e-02
1.283871618434015982e-01,1.933180043307981127e-02,5.527217653712334505e-02,8.007900075112100655e-03,1.426184860794005652e-02,2.910817802308229146e-02,2.251603523680569541e-01,2.253177431573587589e-02,8.259491863121019850e-03,6.625967692387617694e-03
1.844127440525530348e-01,7.783122528458460976e-02,3.711003105169987520e-02,4.548191413706025206e-03,7.186105064745723463e-03,2.127119323915842644e-02,2.439509685657544058e-01,3.673018237851603113e-03,2.498062696471145625e-03,2.781032720592372352e-03
1.539782896361557851e-01,9.686159866625078385e-02,2.389370888105862845e-02,1.679985777060803882e-03,3.061771746693129660e-03,1.328302240000761060e-02,2.990749286466881096e-01,1.729352717307544585e-02,6.928595273387286833e-03,8.933409541170708734e-03
8.429327957742596689e-02,9.533091744440642945e-02,1.407690075691455864e-02,9.292001150190650535e-04,1.169957119710564493e-02,1.140831405945824141e-02,2.857138725186189609e-01,4.674030726600750946e-02,2.326997710328870470e-02,3.550303143113969773e-02
2.329606020371581196e-02,8.235639958022129836e-02,7.564348643109836470e-03,2.863250944806011548e-03,1.381820835237325407e-02,1.906361847600476084e-02,1.996409671806582131e-01,8.222839693547624729e-02,4.223775023907261339e-02,6.442207261595804535e-02
1.747078676964774341e-02,5.321815890973827234e-02,7.779828035869712499e-03,2.473769681157395907e-03,8.196595289120601688e-03,3.485018781008961120e-02,1.613261832582949251e-01,1.061277581643218643e-01,5.016120690263742993e-02,8.282954714993298606e-02
4.265477432188138213e-02,1.812497501327565638e-02,1.404832446170860803e-02,1.091963212874967485e-03,2.123338049894363602e-03,5.205486943008114792e-02,2.186403386934427928e-01,9.461335648445873270e-02,4.249163634249554511e-02,9.064775429125827844e-02
5.014124721575852206e-02,3.542926350585907588e-03,1.876076678677338766e-02,4.710305076752395806e-03,1.015369425400638320e-02,5.717855275859325126e-02,2.397404976500525087e-01,4.268423660646101375e-02,3.205827025035840744e-02,9.106786401657833430e-02
3.721688830796457403e-02,1.925749250154326978e-02,1.493398321904729556e-02,3.013511116439706369e-03,7.811075356590452268e-03,3.541830438652491392e-02,7.408032339251902076e-02,3.054989906661855631e-02,3.085821868977130927e-02,8.004318482858435724e-02
1.619860849977940165e-02,4.248715835995750534e-02,5.293932352133615127e-03,3.709590760576226155e-03,5.194682915809209663e-03,1.092420985107355434e-02,2.301664296516436892e-01,9.946463292466230233e-02,3.373657167526947914e-02,5.480067382971031548e-02
1.511399922811268448e-03,3.962772813570070163e-02,6.804578814538736302e-04,7.812735277556081756e-03,1.762976324407077022e-02,5.495713731894165399e-02,4.416936611566883442e-01,1.462408104276406162e-01,2.932895618716083869e-02,2.586612993567830379e-02
1.848986653719358192e-02,6.423689808879870858e-03,2.328724494063171349e-03,5.727683006899153897e-03,2.061443335626430076e-02,7.442796584731324605e-02,4.129251666090414385e-01,1.730268973681453604e-01,1.928614091838621106e-02,6.674971378304630706e-03
6.713297068530692246e-02,1.048069161117499808e-02,1.397409066663893307e-02,5.144837685304225888e-03,2.146475781467618166e-02,8.193879319859408150e-02,2.701282070723600159e-01,2.035667104333296895e-01,1.474564399276512630e-02,7.403804635577220135e-03
1.332355046312797275e-01,4.275756055871802325e-02,4.591806267514168122e-02,1.341056522449094075e-02,3.200094126228297808e-02,1.013798560566591955e-01,2.231095763964168754e-01,2.503129209692891433e-01,1.824827099165609798e-02,3.339144983845778597e-02
1.718128192946374311e-01,1.495162906739877229e-01,8.654143143612383349e-02,2.574565727574598673e-02,4.780215875824091187e-02,1.231283382816071581e-01,2.409048920542335437e-01,2.823384883079828600e-01,2.273795265865135098e-02,6.786876135221057982e-02
1.579247664414135111e-01,2.291567746060828026e-01,1.181505332027760480e-01,3.418145378497773612e-02,5.445060443502707653e-02,1.164207975002106293e-01,1.137671945504081239e-01,2.585376187592287600e-01,2.648766780791708339e-02,7.793640505992840972e-02
1.122622896363123790e-01,2.331117622782639121e-01,1.409481799291035509e-01,4.074055507231030132e-02,5.071841511887109633e-02,8.113544584252177505e-02,1.874916063761713214e-01,1.903989341913660538e-01,3.380980162062696692e-02,4.432605046173115904e-02
6.619322950441100528e-02,1.858703276009698035e-01,1.614045214428804498e-01,5.087010538395583814e-02,4.795713278280619440e-02,4.859745323657911620e-02,4.522202804594747660e-01,1.300669292082282935e-01,4.122121796461789001e-02,2.762671929438199545e-04
2.754199299617898777e-02,1.292392619009686550e-01,1.691349404864264383e-01,6.022888491135921368e-02,4.851481352096088245e-02,3.207688236237708768e-02,5.292035915564908821e-01,9.833907807989221428e-02,3.942611325946888956e-02,3.662367386147369862e-03
7.484392757988169061e-03,8.245234099557033347e-02,1.493696264052559175e-01,5.951572020196205931e-02,4.335874021223830310e-02,1.861115248868350225e-02,4.443752829542828575e-01,7.543302961817091590e-02,3.074964893560564599e-02,4.430530497655765093e-02
3.145745995693696728e-02,5.620344351064626709e-02,1.091430255533941129e-01,4.877970343865433572e-02,3.156429546707195666e-02,1.090805661431670445e-02,2.260876762843652410e-01,5.921130714628293490e-02,2.920499317610954562e-02,1.109676326674576691e-01
3.278461902703251607e-02,5.461314519982142512e-02,7.161935135103282557e-02,3.738570928563435258e-02,2.447147429423639914e-02,2.975828613445403309e-02,1.289421314039571054e-01,7.218717356519908923e-02,4.045563375980565368e-02,1.701421715264809786e-01
1.711092674030111060e-02,6.216955768941809929e-02,5.073831050303297813e-02,3.142370803066696361e-02,2.738799814485395542e-02,6.917345733299690158e-02,5.061034720419682609e-01,1.105618108640017694e-01,5.467234403516921942e-02,2.181883162057225989e-01
8.784485464184718304e-03,6.238935958821877070e-02,4.198952713026306988e-02,2.835888242504872037e-02,3.178520552795706389e-02,9.577855930577026944e-02,7.290910170129859535e-01,1.426851861311624614e-01,6.227365814914766901e-02,2.477289289051330945e-01
2.449917642226048797e-02,6.196613973232240058e-02,3.193856882121567931e-02,2.357604609033712995e-02,2.932616765279487739e-02,9.819328391652101806e-02,7.700827860666943359e-01,1.572048301976770313e-01,6.475490149542995066e-02,2.398333445295992017e-01
4.854289915536728200e-02,7.136934699604835508e-02,1.289483953833613604e-02,1.689151416851182932e-02,2.225022422248663923e-02,9.540076129119134940e-02,7.209910985046673604e-01,1.668661871918092621e-01,6.636340646095484352e-02,1.884499514711322488e-01
5.139846821690068762e-02,7.750594589578575777e-02,5.901699475906803383e-03,1.269394844704115413e-02,1.706359627662654144e-02,9.525917563061735149e-02,6.195288014238284902e-01,1.702585871312328192e-01,6.813582494568269643e-02,1.144830314298407037e-01
3.492594198297260116e-02,6.072085232097908236e-02,5.038719184537344270e-03,1.595868593686192161e-02,1.595891625228073457e-02,8.141361429645357917e-02,4.736057846786415615e-01,1.465483025127786720e-01,7.371207603739653169e-02,4.637274205295579405e-02
2.971640102987197288e-02,2.449496802305042853e-02,1.944489651499594837e-02,2.643649418376806809e-02,1.665860213600253020e-02,4.470100158362324411e-02,3.678697590546685658e-01,8.764600951003552465e-02,8.534745384917047373e-02,8.251359385228250118e-03
4.068550143398222407e-02,1.130818329044985804e-02,4.713581792078911509e-02,3.725897379897796791e-02,1.759082750205467893e-02,4.984773239276225204e-03,3.992383921199543217e-01,1.814227766541553349e-02,9.181977582285755224e-02,5.651466921679271921e-02
3.509446109740454317e-02,3.507000625136946076e-02,5.830220609348497202e-02,4.211807024792194737e-02,2.116155119810076909e-02,5.010599375993714591e-03,5.618004281038209147e-01,2.010207466453581282e-02,7.813530747953498223e-02,8.373475420805384650e-02
1.205328435042455487e-03,4.717487909405966573e-02,5.321198121261073305e-02,4.108528957604373755e-02,2.980469731516049298e-02,2.693721290951127390e-02,7.654696527871990286e-01,6.642666123837525499e-03,4.857675403549639725e-02,5.620909490333345776e-02
3.751623523962845791e-02,4.616679128393865600e-02,4.227957788066909889e-02,3.812542663225355205e-02,4.126346745506592056e-02,8.162726873587428100e-02,9.323188196254922344e-01,3.519264980688373290e-02,2.419186653069626755e-02,2.055566865703858243e-02
4.567023775020934151e-02,2.567009183537548311e-02,3.585882128324323348e-02,3.799862362048397196e-02,5.250872572258693388e-02,1.329171995763250569e-01,1.042124341514483854e+00,6.553877512594286081e-02,1.773616805933926621e-02,8.564204317428801561e-02
3.302158145384795351e-02,7.388856223598071551e-03,4.285946358797981803e-02,4.396100884734405884e-02,6.302531897945155837e-02,1.684012234095215998e-01,1.082247268205422719e+00,7.115773640645862985e-02,2.252728498250918324e-02,9.022100034923197232e-02
1.227321153387814570e-02,2.204859674463560681e-02,6.006098531544965674e-02,5.201729393322699485e-02,6.846663135140151901e-02,1.794929760738371016e-01,9.953066895717155305e-01,6.572650746571490066e-02,2.430660996771152882e-02,4.630488536239112107e-02
1.644899679348498303e-02,6.013761533409350823e-03,6.795695245574751020e-02,5.144531240759901702e-02,6.023832258072286949e-02,1.575185524794709413e-01,7.577614489804268549e-01,6.235510203670618229e-02,1.645903395121490337e-02,4.822302913011477718e-03
3.634714101560162364e-02,5.309101652186742210e-02,5.255665951671373987e-02,3.705832933476546631e-02,3.871309860197339608e-02,1.148920855134812485e-01,4.840468011177068708e-01,6.847703440265356933e-02,2.792086813284154045e-03,3.278083054744528740e-02
1.833279439596486107e-02,6.627585863273559308e-02,2.289909438125813101e-02,1.595140243927438417e-02,1.732460155173353236e-02,8.473929822332791628e-02,3.291464770300508436e-01,9.030254289160394299e-02,1.200771387189975350e-02,2.066682759753125584e-02
2.564416703022105726e-02,3.241466604163347615e-02,2.481806594509353234e-03,1.447082524026168954e-03,7.263191556642298666e-03,8.361707553354054412e-02,2.972408878179211289e-01,1.187248681896063557e-01,2.870441239334988598e-02,2.964710414930360471e-02
4.615100790937214786e-02,4.367339571101574265e-04,1.606246614069302067e-02,1.103188995285374341e-02,6.672877369619484127e-03,9.387552609794172498e-02,2.637986724716823717e-01,1.288547129325239293e-01,4.602861377322010894e-02,8.445800712961792911e-02
2.698732260928297932e-02,1.526095387804543048e-02,2.199277442074693695e-02,1.443158086132915498e-02,7.867409045409508306e-03,9.047554948963927590e-02,1.611098988019259437e-01,1.104074601320779309e-01,5.551193238970472676e-02,1.001427228057924362e-01
5.222404713720752573e-04,6.747386745097877503e-02,2.423761787540426593e-02,1.502993026183781916e-02,6.196977895364946462e-03,6.620154463583559357e-02,2.601267434597883538e-02,7.783500613164487381e-02,5.203473251980116066e-02,6.684545973687884557e-02
1.588448895913596726e-02,1.078682793564134934e-01,2.082139009376837713e-02,1.536831044015839198e-02,7.069223888598293384e-04,2.810556441950318521e-02,1.036465746918839026e-01,4.347317656927741220e-02,4.121105974552379675e-02,1.588008208841647576e-02
2.656073419155701582e-02,1.180706939082677431e-01,1.043127962974563401e-02,1.501119586318442993e-02,6.228250674403972183e-03,1.216492035395009066e-02,2.332158480212803697e-01,5.802037688895330010e-03,3.061475439369186480e-02,1.786618132769222239e-02
3.144003239346686296e-02,1.209783824818109893e-01,6.907351975028919091e-04,1.197090112941451116e-02,1.029512502809037597e-02,4.292198709239680721e-02,3.660256344505318782e-01,3.405778119195108922e-02,2.280133753679893654e-02,2.929929296062538935e-02
1.907889328019440195e-02,1.269346185297120233e-01,4.830695517096451029e-03,7.417574473261268411e-03,1.100957444945501254e-02,6.023923100599176683e-02,4.780359232190186658e-01,6.737324187826188027e-02,1.936222409773075831e-02,3.595702817616316938e-02
3.306792768214522615e-03,1.117143723863904675e-01,8.991044245769831255e-04,6.047612911005193111e-03,1.319105955546137111e-02,7.088877470778617851e-02,5.399139569143028838e-01,8.969762305733712526e-02,2.281121773495651747e-02,4.991746088712371854e-02
1.599381019398335782e-02,6.924945854628575259e-02,9.354199475987409751e-03,1.031449786912211342e-02,1.939513830122900281e-02,8.167449931900686022e-02,5.482392712065952134e-01,1.047133099490298730e-01,3.216296827483808990e-02,6.647049419429136574e-02
1.219016196329347768e-02,4.352628648958077606e-02,2.466256422622094616e-02,1.695404858211033150e-02,2.539755361272959949e-02,9.039239097787252208e-02,5.298534213266933302e-01,1.173248581667013929e-01,4.137484968245117023e-02,7.268229652507326999e-02
4.181308503783207758e-03,7.041898318849219851e-02,3.977188971883045127e-02,2.132097220538469243e-02,2.673149468249737953e-02,9.251024324587141245e-02,5.170533907065920642e-01,1.267947608381447266e-01,4.457913064966461530e-02,6.052705283236878286e-02
3.233827615998257493e-02,1.198007003686236693e-01,4.860421406667664312e-02,2.276892545774129861e-02,2.524333472957436195e-02,9.214250771471156620e-02,5.319646372180986127e-01,1.276113556417497741e-01,4.229302661362459997e-02,3.723709905471390968e-02
6.819882225559070754e-02,1.352022646401065675e-01,5.326438248733761371e-02,2.287608277387238875e-02,2.521549490004333649e-02,9.822914325167826644e-02,5.824771396521966071e-01,1.177266111368088786e-01,4.007128738105125709e-02,2.070632298355388687e-02
8.908561853972336853e-02,1.063677214532610105e-01,5.998029976783177120e-02,2.145355143356319702e-02,2.678560317809067573e-02,1.098204632202088998e-01,6.444205190239575831e-01,1.001952281739672268e-01,4.133819741678005505e-02,2.001466314638504149e-02
6.567669367543076120e-02,6.730704456604098829e-02,6.898585658755031214e-02,1.866255418307450481e-02,2.758173153229841190e-02,1.155536215738807715e-01,6.761909746585033076e-01,7.919412153100144347e-02,4.599120095728179841e-02,3.045148271012602242e-02
1.354559335993404078e-03,4.768997649268202910e-02,7.749887307485080201e-02,1.820668569536112655e-02,2.823498393657835476e-02,1.123989750276452870e-01,6.875534029959106119e-01,6.472908262108691135e-02,5.477375034173573298e-02,4.991362452148296464e-02
6.227894210242111706e-02,5.941588571691107379e-02,8.727839155348954270e-02,2.353204855659591505e-02,3.172429823746110433e-02,1.127961907273149628e-01,7.430293575719975063e-01,6.860573241815468015e-02,6.795671844710703124e-02,8.350764024987397671e-02
9.678602628946261777e-02,1.045039384891199852e-01,1.003170969285849673e-01,3.283176690501407591e-02,3.858313052002062399e-02,1.256384598465902225e-01,8.501896041854650754e-01,8.353411693588279341e-02,8.063695200479162328e-02,1.285450856226667549e-01
1.136110562690629822e-01,1.627687463378190702e-01,1.119066858888607408e-01,4.193889885389838479e-02,4.677058239923224253e-02,1.431934904782284912e-01,9.116511021199213971e-01,8.865452080514810151e-02,8.642650381909292023e-02,1.704515449652749537e-01
1.248861706981894415e-01,1.940872618761753654e-01,1.156266445618156780e-01,5.008777123191673203e-02,5.500943045082723470e-02,1.546484930577620154e-01,8.499547272478081839e-01,8.383916795600007688e-02,8.529342852442710343e-02,1.964485082162515939e-01
1.181707168082120618e-01,1.815744277638327298e-01,1.116119054457379300e-01,5.833921842844193989e-02,6.231033803321064241e-02,1.593475496755050180e-01,7.180967985548616372e-01,9.147521584288757779e-02,8.296315772022558321e-02,2.026345298562982344e-01
8.515357006314183685e-02,1.541732220632655859e-01,1.043266568637702119e-01,6.405692183263102246e-02,6.601774006713251319e-02,1.601887443029186286e-01,6.243935417887600536e-01,1.225489628714709900e-01,8.369531771436589107e-02,1.892407368640529886e-01
4.097807847428279471e-02,1.437667737000837553e-01,9.596491451939251349e-02,6.262403761577810257e-02,6.442742759228750615e-02,1.563378157517678890e-01,6.003906907535803139e-01,1.632488337157310399e-01,8.624118474396041956e-02,1.595943280885564197e-01
5.197651517297268570e-03,1.396200817799051752e-01,8.679035049902746046e-02,5.472834975937269919e-02,5.948530729479419021e-02,1.477210918793384897e-01,5.982637919194099263e-01,1.907220728689440481e-01,8.560178660012342233e-02,1.225451671509815849e-01
1.338043570377197775e-02,1.116680817982908802e-01,7.829256994506422762e-02,4.666356993989154156e-02,5.404893343722031590e-02,1.380015673129480758e-01,5.807760328214931489e-01,1.898633592690189831e-01,7.848005918027536887e-02,8.806865707205289995e-02
8.309639270196577526e-03,6.249353343224878232e-02,7.169951527790127677e-02,4.245464067134493286e-02,4.899514259722805715e-02,1.297673157866684190e-01,5.597910990264405307e-01,1.615492651821841819e-01,6.793169471858290231e-02,6.029962301201109709e-02
2.804970116240934272e-02,2.309877958561333544e-02,6.531556933549997890e-02,4.009849449673930089e-02,4.422690778225786545e-02,1.198089845689584709e-01,5.439886904759173580e-01,1.182863505343908633e-01,5.963461957522104423e-02,3.805710879758442133e-02
8.578917934596914929e-02,3.569598787107147037e-03,5.606051815812885392e-02,3.623771456696742166e-02,3.910353731718574366e-02,1.001729979854363434e-01,4.904258208573837874e-01,7.169952044550149950e-02,5.282279264137811070e-02,2.208610198563074056e-02
1.271689560274692765e-01,1.763521510418568014e-02,4.365973821720976755e-02,3.038058753571557316e-02,3.205270627782036419e-02,6.780885629229853329e-02,3.601208166649159659e-01,3.240607732728281731e-02,4.236630053813270763e-02,1.780032850114517118e-02
1.168759891617906915e-01,5.091216200723676366e-02,3.066463829902044483e-02,2.341870236526631330e-02,2.334899717489721804e-02,3.433446102864899652e-02,2.006060533939820756e-01,1.680290561963659196e-02,3.034004488783771311e-02,2.494880733262181197e-02
5.987451648735010734e-02,7.335617063654159553e-02,1.557808768004255440e-02,1.489375825732317145e-02,1.619217809459855273e-02,1.548397324649314344e-02,8.984596759959447010e-02,3.419631769168116064e-02,2.228555850427278023e-02,2.847973282397568001e-02
9.536782787043462245e-03,6.436034012577834806e-02,8.529142626559280127e-03,3.753087290771982450e-03,1.162231104979986537e-02,9.188373989497736899e-03,2.281199037962955423e-02,6.873987288677649299e-02,1.175911007626203979e-02,1.483961142521272175e-02
7.090740238966115883e-02,4.081134135435891819e-02,4.096259650264947455e-02,8.219925699458952018e-03,6.572697650714580918e-03,5.051342055828328403e-04,3.891187382099613179e-02,9.209490033413383903e-02,1.225441658087677091e-02,2.869224082076617284e-03
1.260092032509475823e-01,3.798316439843266862e-02,6.622431494188452117e-02,1.570814886725275389e-02,8.011949102463764016e-05,1.243719536719311777e-02,5.344908666148112664e-02,9.025481736098023289e-02,4.183695003829117354e-02,1.819732894189012018e-03
1.684623395782147703e-01,7.022913775073857945e-02,7.058959076773860253e-02,1.508804208745797779e-02,5.192654687712651256e-03,1.946682589013211742e-02,2.520048070682980035e-02,6.472532507132222612e-02,5.531974218254488707e-02,2.569616788823417611e-02
1.790479313857884780e-01,1.257453088186023804e-01,5.951652685064856563e-02,9.314065800620229679e-03,7.125116372866491937e-03,2.267173519923973771e-02,1.068117042363124908e-01,2.189655719432086547e-02,4.686733568093896796e-02,3.300403306741181431e-02
1.578367942316732941e-01,1.857818814607015145e-01,4.974051048626773608e-02,5.103846537320575610e-03,8.143268795905198032e-03,3.386132237815725476e-02,5.281818649544437611e-02,2.165594662856821714e-02,3.352360003409880079e-02,6.552954268512818474e-03
1.288614370090231387e-01,2.339574105394586767e-01,4.965368186300513770e-02,6.600122674671077619e-03,1.033677675500231652e-02,4.951009182893663374e-02,1.233098439854312389e-01,4.215702533241182104e-02,3.374250773225907774e-02,2.554072676276599937e-02
1.057545733371667018e-01,2.556164076200956314e-01,5.303326650503357997e-02,1.322390758079669895e-02,1.370072024772850568e-02,5.346898508462204214e-02,2.705848832881491139e-01,3.500542146461603499e-02,4.949746047544677924e-02,2.979669093365103910e-02
7.994574953934689698e-02,2.409921710323641719e-01,4.890537842329749363e-02,2.118911887079705930e-02,1.774472991086694165e-02,4.445735638705863163e-02,2.944406763739736421e-01,2.143411552062070638e-02,6.695034664500718047e-02,9.601913775326690118e-03
4.403983262117551478e-02,1.909433187024572876e-01,3.543892652959679257e-02,2.568119316438564892e-02,2.168956659632104503e-02,3.847235979093859004e-02,2.302501927115457869e-01,1.706927097272186236e-02,7.050868937908620626e-02,1.047187114411957977e-02
6.315965978700992418e-03,1.198510562149792402e-01,2.247924757841725935e-02,2.374945599064169285e-02,2.361885188541989339e-02,4.215270915953106545e-02,1.429545787599132145e-01,1.124449061337823817e-02,5.743206780537438855e-02,2.305749035510177430e-02
1.711815515279233729e-02,5.554827380615007942e-02,1.827471557633187846e-02,1.664481059443856034e-02,2.145575844943842930e-02,4.348577599254771497e-02,6.227374585104455962e-02,1.087816029131767961e-02,3.755420306479411580e-02,3.904892196785352682e-02
1.728356699929147963e-02,2.879739376398834233e-02,1.936043793444375272e-02,8.978121564534733562e-03,1.535009986833525686e-02,3.420246493234213592e-02,2.280325139352634700e-02,4.129690895966503517e-02,2.074831772236054861e-02,5.787548257845483851e-02
1.484526701045294633e-04,4.499910308163031225e-02,1.811398704380656408e-02,4.918503829512137215e-03,8.703047385182018439e-03,2.465755547702846995e-02,7.236282135015659200e-02,6.199198014614799163e-02,9.746929399318557050e-03,5.814070319475930088e-02
2.319894189886137145e-02,6.939175741473115056e-02,1.243820337106306059e-02,4.489626268852776880e-03,5.212239750224089904e-03,2.656861691309252496e-02,2.076980685906552049e-01,7.487655955364398708e-02,2.094727962770092603e-03,2.579546070781596132e-02
4.999030795534770144e-02,6.440338030549221104e-02,3.841589169740462426e-03,3.457203592890152177e-03,3.824805415515871408e-03,3.225400408159793952e-02,3.469011594165319901e-01,9.733478741974510573e-02,6.230923010649060817e-03,2.045398314073560916e-02
8.239099086891758794e-02,3.708984794665804580e-02,4.679172223436659471e-03,1.879468154308894679e-03,7.718017968806301869e-04,2.425946755077809311e-02,3.971484688284777076e-01,1.322606655550848942e-01,1.613444399155316081e-02,4.689858823959165701e-02
1.194942317204687465e-01,2.159212680209626062e-02,6.155428898477207679e-03,9.067248780938301847e-03,9.692405336159420903e-03,2.847900267141033684e-03,3.603419454962346058e-01,1.615553399067662932e-01,2.149134605552857277e-02,4.440541757317704313e-02
1.593272803060562792e-01,2.410992108297974057e-02,4.607557667697777248e-03,1.085228813124613015e-02,1.515633483042670183e-02,9.193863207224834549e-03,3.473247882303714396e-01,1.691746726616921437e-01,1.492066109812829541e-02,3.365944959666895137e-02
1.983694439157858702e-01,2.153907901875200953e-02,2.177976407394084657e-02,3.833896215289432381e-03,9.500332046647678996e-03,5.389821865563469358e-03,4.405851966735491732e-01,1.570099345412324932e-01,8.183124059016923246e-04,3.339860634799152878e-02
2.232374359068060865e-01,1.169722495924111795e-02,3.555885235551060897e-02,7.396589718162508917e-03,4.012940910269413228e-03,3.640240113997482430e-02,5.817998791482213994e-01,1.322333226290248187e-01,1.552869156733282033e-02,4.558935437558927356e-02
2.153754813355136521e-01,2.428969817390085745e-02,4.611656670783828571e-02,1.674623477887221892e-02,1.536180787419469743e-02,6.152438578185405460e-02,6.587206825314431136e-01,9.247764061844265804e-02,2.760418286815525396e-02,7.042998987781068365e-02
1.757834228482249017e-01,6.933358452251049686e-02,5.805108451374690198e-02,2.252583035541210615e-02,1.959448401224004113e-02,7.234654421390576684e-02,6.370370526312710835e-01,4.228002677666937992e-02,4.490776111026396206e-02,1.096526602040937270e-01
1.347443921286020085e-01,1.096039520658128180e-01,6.586767188465453282e-02,2.487667894645943442e-02,1.889636212149971642e-02,7.456718089144157013e-02,5.503364598792629403e-01,7.897756120162285204e-03,6.691262729469486803e-02,1.537060544637569304e-01
1.208743317353512398e-01,1.062457116217643688e-01,5.971250282325994696e-02,2.320480496483116536e-02,1.643633083932692293e-02,7.380250175906563626e-02,4.515063023568059997e-01,4.209760663347430695e-03,8.135576032257177403e-02,1.851712105659695518e-01
1.285617203916089579e-01,6.560358540081748235e-02,4.129412779749917772e-02,1.834184303996357762e-02,1.339390704036900852e-02,7.169916736593553996e-02,4.069104583029014566e-01,5.075732323200315803e-03,8.163946387204822075e-02,1.927088542268753091e-01
1.317614741363090924e-01,2.067507578615347674e-02,2.134367816797885092e-02,1.256503061300666413e-02,1.010273029055857447e-02,6.814283703085187438e-02,4.380610166071839395e-01,1.978136981638618785e-02,7.268457762617058782e-02,1.727338870010172722e-01
1.205195343864380597e-01,1.218585944547415610e-02,5.752607002286355860e-03,6.897523792018350232e-03,6.831774984034510653e-03,6.104460642444604207e-02,4.660524168239542075e-01,6.022125790126735267e-02,5.920555096845986354e-02,1.282295888899355751e-01
1.077375968384685773e-01,3.954406528545863914e-02,5.806598844702937426e-03,1.618655952288336605e-03,3.787005730634168156e-03,4.912552815265344708e-02,4.067481788152532141e-01,8.632285531688985158e-02,4.203374257537773051e-02,7.288621678242915292e-02
1.075260412677524757e-01,6.791976882498146351e-02,1.270611429526819977e-02,2.028655331873303012e-03,1.340224224482509940e-03,3.637331960236925982e-02,2.931088261758098557e-01,9.042013451405436775e-02,2.478453270862412613e-02,2.656363923003490085e-02
1.191734958140052425e-01,9.305101797305403988e-02,1.420726403573862456e-02,3.522331370800383093e-03,4.759879078797615848e-05,2.822914713060998074e-02,2.155790545355519283e-01,8.742987417717623666e-02,1.281969174185708035e-02,1.646578771984352416e-03
1.256235176963881872e-01,1.106652514648392704e-01,1.408540839342206641e-02,4.313077499245294641e-03,3.920864695763472477e-04,2.468244674307047692e-02,1.917673126446515219e-01,9.150397175572480557e-02,6.601850998958212410e-03,3.440835309523982560e-03
1.022594536425087269e-01,1.215242011308694664e-01,1.584458533011790654e-02,4.605371618624799421e-03,3.319311378936509911e-03,2.532052424180064945e-02,1.947898819061128217e-01,1.068140781796948907e-01,2.908216208887344847e-03,1.695623400336384104e-03
4.064956349431814858e-02,1.194845807981880781e-01,1.485694743098991966e-02,1.382146292292104478e-03,1.047771218860110015e-02,3.755706471387559864e-02,2.538500283647148748e-01,1.308110889820169598e-01,6.147267571900288941e-04,1.004957576063006050e-02
3.150849123111237882e-02,9.264395575683036232e-02,3.338821609963191564e-03,6.834205936351058636e-03,2.160962503396033837e-02,6.578035625860566282e-02,3.969429849268039656e-01,1.547763860491893628e-01,7.445884312054559112e-04,2.152256089449382931e-02
7.173560606943442386e-02,4.835784529918695646e-02,1.722326766756909072e-02,1.580434161233786744e-02,3.243192881946149048e-02,9.527824173015983500e-02,5.288131484220209844e-01,1.629919646316762005e-01,2.837302267254883034e-03,3.662155783132935161e-02
6.508971387639397865e-02,1.905770254969887945e-02,3.578062929430037703e-02,2.039512345327190029e-02,3.834848670300834012e-02,1.043991748344117176e-01,5.096786650101540195e-01,1.408777527806425733e-01,4.588997787350937961e-03,5.121791355433977927e-02
2.913118961807885030e-02,2.603322417786447379e-02,4.363439400581976130e-02,2.110635715496883211e-02,3.935675019071230990e-02,9.143397389298395239e-02,3.483342583460743436e-01,9.306620772264891095e-02,4.783609319986734457e-03,6.139565487622478807e-02
6.999040077281105769e-03,4.569713971547940262e-02,4.142315319093801268e-02,2.155237988459171930e-02,3.850166509060976017e-02,7.361906935774717442e-02,1.893823257923146208e-01,5.375647455088736204e-02,6.213974364654939637e-03,6.793475900581891214e-02
1.032529323253320204e-02,2.826322413102028835e-02,3.548097491922885122e-02,2.203841422839587436e-02,3.713002925453601916e-02,6.186702606351419248e-02,1.169209242754770672e-01,6.179977936417439810e-02,1.502169060967370462e-02,7.376383879170457514e-02
3.918505201328403853e-02,4.415273177831076368e-02,3.114347986598430332e-02,2.013864733038584973e-02,3.435802855125928701e-02,5.196069079199825552e-02,9.535082691680467348e-02,1.148771046456097816e-01,3.367320482724561748e-02,8.106819266695680648e-02
1.260274042066052147e-01,1.288853225606179653e-01,2.892902871704840922e-02,1.599940287594713711e-02,3.028469387346146430e-02,3.986555608674062501e-02,9.013045184488001349e-02,1.721563241329852334e-01,5.372786532940555110e-02,8.818374889731013522e-02
2.253349806108342346e-01,1.671164895961949060e-01,2.605196468378309996e-02,1.291823456125186856e-02,2.742375557736936517e-02,3.035574233261970067e-02,1.054958035745560407e-01,2.136363874662774442e-01,6.114554992114761695e-02,8.710349270605674543e-02
3.411349844704724132e-01,1.494910553984174217e-01,2.210942714244773857e-02,1.327358259910658977e-02,2.820156765222617268e-02,2.697367215092753151e-02,1.051331737230145613e-01,2.607618460541348826e-01,5.274189826541602483e-02,7.102308864675421773e-02
4.733560354988263219e-01,1.173821655121021212e-01,2.115649857308053716e-02,1.685570475524597253e-02,3.204617664482571626e-02,2.617264621596629079e-02,4.067341654462558465e-02,3.241773690549337172e-01,4.189902028902466741e-02,4.514715331127199666e-02
5.728020124809863889e-01,1.041245228617432156e-01,2.557129948707851860e-02,2.206523656031485897e-02,3.605907743274044952e-02,2.609576087654942589e-02,4.061520119239792059e-02,3.720604530073727823e-01,4.164574057891468062e-02,2.373983354804016024e-02
5.877898937306974547e-01,9.924008936945007131e-02,3.043192303430263673e-02,2.610923925568993387e-02,3.798648436270754547e-02,2.962994244024744900e-02,5.427527151040961034e-02,3.705205126699209761e-01,4.808073029662254111e-02,1.876646720692004555e-02
5.326311402713118648e-01,7.490833519624605363e-02,2.840056411153465271e-02,2.597464883112756903e-02,3.742580514196972713e-02,3.463670575354300257e-02,2.902161272287649002e-02,3.249858440580189467e-01,4.877689440850116465e-02,3.296656827415857249e-02
4.593969357245027973e-01,2.931387122836009648e-02,1.963713633697924954e-02,2.190765427582378605e-02,3.447495942783018047e-02,3.280461836713475382e-02,5.843620326891123956e-02,2.635922285989305003e-01,4.025841787452849596e-02,5.676513787019138446e-02
3.881643760731366410e-01,1.013863464167780865e-02,1.266806377036131144e-02,1.783422347718099585e-02,2.846002644774810880e-02,2.262358380770896835e-02,1.253158047615545445e-01,2.013457376818476030e-01,2.758713743391236553e-02,7.400846845554337472e-02
3.070288896028495751e-01,2.339736591518136455e-02,1.393811267599917754e-02,1.640953074241595366e-02,1.893007387946607847e-02,1.362642040481952012e-02,1.191558271768892313e-01,1.384030841290326830e-01,1.463138187988751934e-02,7.832341454700839090e-02
2.180169011221130548e-01,2.152924230925846311e-02,1.971785691434978574e-02,1.619355772939721008e-02,7.866330500861749148e-03,1.366842973441903183e-02,1.976717788376345861e-02,8.114797266907167184e-02,4.069700618888451651e-03,7.830257653307814980e-02
1.468132851005743977e-01,2.549866690133440611e-02,2.114194561993463020e-02,1.505243210331184099e-02,5.717976335939899644e-04,1.890945596405810281e-02,6.230480117022456354e-02,4.431675922248609623e-02,3.849994462157319171e-04,8.345556507370517629e-02
1.083989036644020659e-01,3.825576086625336047e-02,1.468858946661203910e-02,1.329129548622218562e-02,3.772415633428173511e-03,1.921123282946588656e-02,2.794089396248316398e-02,2.949191612084973990e-02,8.122681235964903518e-04,9.317605157880630429e-02
8.129297777765837063e-02,5.314549417273313481e-02,4.127389973012283129e-03,1.177736455046912711e-02,3.385991214840147062e-03,9.254714452508033470e-03,1.131300418237610877e-01,1.713427417273900161e-02,1.567081641079564550e-03,9.839160006579360240e-02
3.060253709089590796e-02,7.228232958674910003e-02,5.617368831433985216e-03,9.699508428111520975e-03,3.423329048331539420e-03,7.378884590347343543e-03,2.738965858572309786e-01,1.116908333718243107e-02,2.008290176288911235e-03,8.763803124613728235e-02
4.351172372981025604e-02,9.864010018395272250e-02,1.233752923839983966e-02,6.556418628189198197e-03,5.899387169351279388e-03,2.296567865131756564e-02,3.697229220820477114e-01,5.305536306942854052e-02,7.651544367188970776e-03,5.530812336230529064e-02
9.668247687033668103e-02,1.236252001911030685e-01,1.591848199079223120e-02,4.685113477477648863e-03,8.401752626566822910e-03,3.281155739187940207e-02,3.833029666991127904e-01,9.108505389174822997e-02,1.258518379676401913e-02,7.376382721712862987e-03
8.998057289220479094e-02,1.347787563608057182e-01,1.815121767382570778e-02,6.494525590497642227e-03,6.878424256066213542e-03,3.775680179115940144e-02,3.595219571118747903e-01,1.076319619997191113e-01,1.756643160768785877e-02,4.231351333618427191e-02
3.829982185531301264e-02,1.244709675218918371e-01,2.217254373723051217e-02,9.450530420574660556e-03,1.745353611971151107e-03,4.007718405329856182e-02,3.222844635281926218e-01,9.506051984279134670e-02,2.380102522452211267e-02,7.939557882823712609e-02
7.362681645171908346e-03,8.698051019763965164e-02,2.769477292364774801e-02,8.270163753791333686e-03,1.786652975636012419e-03,3.760752966756341492e-02,2.334622522265957234e-01,5.703994570273436537e-02,3.021391110062202068e-02,9.501824780790177338e-02
1.896005170108099741e-02,2.409727831285492922e-02,2.794799507572834005e-02,3.133532766907677625e-03,1.321395829924575625e-03,2.524334445308510158e-02,7.394650559080262475e-02,3.436125302868225234e-03,3.522762796855383183e-02,9.375553613248450990e-02
1.062592950137052419e-02,3.877298328880382505e-02,1.760145974715533398e-02,8.196374634503178491e-05,1.371244309741655588e-04,5.349382843851011385e-03,7.388906860283200873e-02,4.537624608084629002e-02,3.886556734731694274e-02,9.411783312656187006e-02
4.583040697246376985e-03,6.317581161257714017e-02,2.809954223096761908e-03,1.589545868188170161e-03,9.142973552824380226e-05,8.584941055309094557e-03,9.017342221073976205e-02,5.574440122213359522e-02,4.227243688396765259e-02,1.100614269598743644e-01
2.595474801451242569e-03,4.478070241199906543e-02,4.988361136264643850e-03,3.336827509012745691e-03,1.942812780356292963e-03,5.943396017717856791e-03,3.815881092282703835e-02,1.032659035460395218e-02,4.533626272485681563e-02,1.338915138582940645e-01
3.521785036365765800e-03,3.327703937983030047e-02,3.626188311001328230e-03,1.589294855096997760e-03,7.947233624181732070e-03,7.692931335062931468e-03,1.941929950306369446e-01,5.900572933104664824e-02,4.526978513546462551e-02,1.493224122541607912e-01
5.218145182586959863e-03,7.534280834589550391e-02,1.665414983598172789e-03,3.362331467673941327e-03,1.524869560284604353e-02,1.884667325119413969e-02,2.684698698738363087e-01,9.625855207092685883e-02,4.021462921429280746e-02,1.563960142333030989e-01
2.174666687913952984e-02,1.493677854609315458e-01,1.018011138713188074e-02,1.059361548887838810e-02,2.079174819280039596e-02,2.304686900651184076e-02,2.674627389297175584e-01,8.181793535367015702e-02,3.421819680807876296e-02,1.663687275774355101e-01
8.198351302398071416e-02,1.893831811179043367e-01,2.298666181281998344e-02,1.785646677377902142e-02,2.322649333420398823e-02,2.532613600662117145e-02,2.591776084030607552e-01,4.317625505553809862e-02,3.379248828568209156e-02,1.753943561634543902e-01
1.412333835000961768e-01,1.620644197384355223e-01,3.543485104410381420e-02,2.045366976832312458e-02,2.113295258691384737e-02,2.864318233540516512e-02,2.688699406216349952e-01,1.063004048227484712e-02,3.997104583284998014e-02,1.657329862945949028e-01
1.516987925224906331e-01,8.792100540074848647e-02,4.627797702169564320e-02,1.823069341424150142e-02,1.536068858529437975e-02,3.154504104420045862e-02,2.790127461330135783e-01,2.971091748202263523e-03,4.972809481233823881e-02,1.368134309603643572e-01
8.785684493275787432e-02,2.560583251578076036e-03,6.348524706688325747e-02,1.842147299345167979e-02,1.160346405068976225e-02,3.551432126885964435e-02,2.920994342237551722e-01,1.786830643938634028e-02,6.219916238633774880e-02,1.139898280594542346e-01
3.652343822195394663e-02,6.861473276735118032e-02,8.622800777777070436e-02,2.503155028950716787e-02,1.489300413972217095e-02,4.633413091170607984e-02,3.339238590710379428e-01,8.805480282893471400e-02,7.478178857586643968e-02,1.185651556100023735e-01
1.725185863555018517e-01,1.112654318970459771e-01,9.550749821458837108e-02,3.257069529127502167e-02,2.365958365800961694e-02,6.679064490101230267e-02,4.018192383847587479e-01,1.871458262858457511e-01,7.787237367286951872e-02,1.440391950374626806e-01
2.705752819293248956e-01,1.292450782712274426e-01,7.985561023936507685e-02,3.588319327824340821e-02,3.316083583337798429e-02,9.189726118037513936e-02,4.519162804866468375e-01,2.616738266885570430e-01,6.536469027765572093e-02,1.667365040786066011e-01
3.274547123692999606e-01,1.453679688664592518e-01,5.684244282452034780e-02,3.838441441698383499e-02,4.170125898435577544e-02,1.137261961939203675e-01,4.572828793942257386e-01,2.842121169094165567e-01,4.661353439921944036e-02,1.702601802593063651e-01
3.770571552485934008e-01,1.772688465208512310e-01,5.237745007185499319e-02,4.519950777090808725e-02,5.036536238774138446e-02,1.303164084561197755e-01,4.577733367270493403e-01,2.869402114307209595e-01,3.671408355221190967e-02,1.582969253112398444e-01
4.199987444001737624e-01,2.159096636171123629e-01,6.868340642006887098e-02,5.436490982009949818e-02,5.902324164804229056e-02,1.465431520490688144e-01,5.156268659411259447e-01,3.087084245329230758e-01,3.893982241722362958e-02,1.452356465598942381e-01
4.075762854684018555e-01,2.359474063609547090e-01,8.612743318508722656e-02,5.986163165848224638e-02,6.532512458759935636e-02,1.645063794490341236e-01,6.288049377224382841e-01,3.330091929557141839e-01,4.614135130041505800e-02,1.311778027973459215e-01
3.235567940189574831e-01,2.252369418488015806e-01,9.029106988726898209e-02,5.983887764256082265e-02,6.727841012715810032e-02,1.764692694985914578e-01,7.263191273308441387e-01,3.165792196600277220e-01,5.418377146100161051e-02,9.380231952917472693e-02
2.258083575185601821e-01,1.991326186177050372e-01,8.555525174036182623e-02,5.763473412825688424e-02,6.541622719443737632e-02,1.722973190634120855e-01,7.478940413362465955e-01,2.582928034188280986e-01,6.470397798030119718e-02,1.944518637434255320e-02
1.719878180277417679e-01,1.814875979147638208e-01,8.215862555778888354e-02,5.611777702783633109e-02,6.215735929746476346e-02,1.544745504623587506e-01,7.071283727539313668e-01,2.002524339888237526e-01,7.738892320813230141e-02,6.352284736432080303e-02
1.575654783236791201e-01,1.745807794179619066e-01,7.991132431285256910e-02,5.494255654725755528e-02,5.999767288174540081e-02,1.392502165302464123e-01,6.736837919806868413e-01,1.726990845090765891e-01,8.690207867520025053e-02,1.057067874121106754e-01
1.548837794711696025e-01,1.611356396914863376e-01,7.182253016488177044e-02,5.380397392748211688e-02,6.065299845364612030e-02,1.373293298997211032e-01,6.871088641893082771e-01,1.666937923765603180e-01,8.850622908939856370e-02,9.325665437918366496e-02
1.632293014013186661e-01,1.362231108571110294e-01,5.787190754463590603e-02,5.444452103824131556e-02,6.417873774658554298e-02,1.398971184416916980e-01,6.991236973160678270e-01,1.606411269065785297e-01,8.316478229552226598e-02,5.809705616831454394e-02
1.944049162762242766e-01,1.142795532119544877e-01,4.457707498720266809e-02,5.664109177907866027e-02,6.710443281202549404e-02,1.321425492172068339e-01,6.343176666491633364e-01,1.565892018105817796e-01,7.449734667157756340e-02,2.781466368818169554e-02
2.420981473309432308e-01,9.868835558849088641e-02,3.332192641883378187e-02,5.524455002937246617e-02,6.359491545731572881e-02,1.139369193424607657e-01,4.878822475718125329e-01,1.732610044930527615e-01,6.286238881802926060e-02,3.377543288905561145e-03
2.862399081099181175e-01,7.189136333405084234e-02,2.034586921524439082e-02,4.588346648978553627e-02,5.263265602208962862e-02,9.734930456931534248e-02,3.181898639842231091e-01,2.056162492774947781e-01,4.685996949306323045e-02,4.371196567406704370e-02
3.127726037908452605e-01,2.705170675629190585e-02,6.850096827547027395e-03,3.171727070550367511e-02,4.221949233607383972e-02,8.932044828289520400e-02,1.763975070884059859e-01,2.211083283313673709e-01,2.936522639792032985e-02,7.585436140430409924e-02
3.166525195400619053e-01,1.401164145795772385e-02,2.897294937630442817e-03,1.932293455323738987e-02,4.029177214299051180e-02,8.589516648582909419e-02,8.689234226282260831e-02,2.046870237183562591e-01,1.615439693439433416e-02,8.012405120928703384e-02
2.907376843492212593e-01,2.699536522027932983e-02,1.126749288671215210e-02,1.055289117901380205e-02,4.325588954482795928e-02,8.013649327669226941e-02,4.794269997940098921e-02,1.728504024718102994e-01,7.804115787561512023e-03,6.631651325372300843e-02
2.230249234306408701e-01,1.352548640676420715e-02,2.197489378563504542e-02,4.314672674154370648e-03,4.131339379455743754e-02,6.932345043904589166e-02,1.635696711634024303e-02,1.327901227250408711e-01,2.046376989492305724e-03,6.023834247730748548e-02
1.146282486462087136e-01,7.922691627358457653e-03,2.913131146058840770e-02,1.801872953463300869e-03,3.305235790111984984e-02,5.539847022401366006e-02,5.338281428723937183e-02,6.962834736800022073e-02,1.734311400426812033e-02,6.613289722453240260e-02
8.228218020574495917e-04,2.872283475299537009e-02,2.540298421779637120e-02,3.087288253391298927e-03,2.555230164197263426e-02,4.122007867301406836e-02,1.449172759533109422e-01,9.787218992925807853e-03,3.097888282653326122e-02,6.477858167227394659e-02
6.511525288581676563e-02,5.146699350418230956e-02,1.513606656429140711e-02,3.897910923220479756e-03,2.198691525411955450e-02,2.792825822327475727e-02,2.204233798331237393e-01,6.394342288751687919e-02,3.130476833928986374e-02,5.026139360144035034e-02
6.720898165539021529e-02,6.942586895972301109e-02,6.871558264919717940e-03,1.548404861467352935e-03,1.862730871883204117e-02,1.635645823175693042e-02,3.048869495530902030e-01,7.177939970377500423e-02,1.883868193610787126e-02,4.284919590346913942e-02
4.884787902366215240e-02,6.938308025570670556e-02,1.171512871443023199e-03,1.771283632245430721e-03,1.236347103539821995e-02,5.742741322155023136e-03,4.422964755729447139e-01,6.550308112983167785e-02,8.225756128782535717e-03,5.345303430275197276e-02
5.605732054663589009e-02,5.897250551933318902e-02,4.567642041015836790e-03,4.375982846505824253e-03,2.909189606026033135e-03,1.242521515104632809e-02,5.983719376427873993e-01,8.410411615803940755e-02,7.988043242064712252e-03,6.136033203672718039e-02
7.936803539226890136e-02,6.208863530820391691e-02,9.326357035829960923e-03,6.617023432069792793e-03,9.939310859168120141e-03,4.897558251934569507e-02,7.006154282472977224e-01,1.239410340727042648e-01,9.267036106469724727e-03,4.579990467628700102e-02
7.798736433231452658e-02,7.944395096908546394e-02,1.254847895171323779e-02,6.660026196068095233e-03,2.443867671865432301e-02,9.757557176323758408e-02,7.354856071551234553e-01,1.564256511660387927e-01,3.962135519424885358e-03,1.731181872829250235e-02
3.784060090079642558e-02,8.504076474842235667e-02,1.524981673530638286e-02,2.706426148247004573e-03,3.539608486400609710e-02,1.322537796816163902e-01,7.181391980214368864e-01,1.660889366036801540e-01,2.806969764833383996e-04,1.101866928106165228e-03
1.970263277874709576e-02,6.502040903671149619e-02,1.480359801908197673e-02,1.483438213281821141e-03,3.919233691437424422e-02,1.332218553269817196e-01,6.206345175233100031e-01,1.505527358524080539e-01,7.141090332618445918e-03,8.725639585119080235e-03
6.790709080664497632e-02,2.621269832931688928e-02,7.640495555664388386e-03,1.297553820939123439e-03,3.705099265790021829e-02,1.059074618632196707e-01,4.249221054235439721e-01,1.062847177597200793e-01,1.668853007487285448e-02,3.571466328546125252e-02
9.634410106179761013e-02,2.553915165815459978e-02,2.755618905915471588e-03,6.154854619404430708e-04,3.189144898074979667e-02,7.182284865848397037e-02,2.078756454015690536e-01,3.715158854332423211e-02,1.599878825596985979e-02,6.505066338418571958e-02
1.091020319747630363e-01,7.867023922373267419e-02,8.307216967034082231e-03,7.957417175052624355e-04,2.676697823017285677e-02,5.206712789500184818e-02,9.287964594380010430e-02,3.042670163432259489e-02,5.756949251866320255e-03,6.503462463134439264e-02
1.060486455894073116e-01,1.079502699130479859e-01,5.795527852710769152e-03,3.270792507448000951e-03,2.599161691174776967e-02,5.745788246455363346e-02,1.247157016710252198e-01,6.059526492479695020e-02,1.649556741412110464e-03,9.979712230685470684e-03
7.769739451463765489e-02,1.080692217994244364e-01,1.269628388843508683e-03,1.252877272210288712e-03,3.122915071303486445e-02,7.976924650156806684e-02,2.269558239188305682e-01,4.726261262964681631e-02,4.691517402758285139e-03,8.071103704174710514e-02
2.804647504298513755e-02,1.083771667898889984e-01,5.935726711437728717e-03,4.720247268755524243e-03,3.752337169735657507e-02,9.626144589810284313e-02,2.897219086130964905e-01,2.737521446230450906e-02,2.578254818415659164e-02,1.477083064482178076e-01
2.295216143541914042e-02,1.348678840992791339e-01,2.224707464445262878e-03,1.251869338928092434e-02,4.062341000777518890e-02,9.659227512324521092e-02,2.976763973985618872e-01,3.309168455060859659e-02,5.373734204905902812e-02,1.561797314263217162e-01
7.265826471086725413e-02,1.898023068299266314e-01,3.329613145140995767e-02,2.697961852700014873e-02,4.542800822791114718e-02,9.596485875781424202e-02,3.405659658588426897e-01,4.193276657003253138e-02,8.218887618362044623e-02,1.315538861703469398e-01
1.347700053588036240e-01,2.648125896043784788e-01,8.317414448925543324e-02,5.181667249501275413e-02,5.798686119334450079e-02,1.090078436257828493e-01,4.754860154172279585e-01,6.629137552088023091e-03,1.121209926015365038e-01,1.137646038064543258e-01
1.958549363682796640e-01,3.348152780688465335e-01,1.278886623953001678e-01,7.762730948897776651e-02,7.387958828060700589e-02,1.293337661192840160e-01,6.345721852961406784e-01,7.357485781071716746e-02,1.413121193129644459e-01,1.094041087966926701e-01
2.217313685190698824e-01,3.591571203912655719e-01,1.452075720211728205e-01,9.171111699050553401e-02,8.564904300921473423e-02,1.504968384206612497e-01,7.065080577996838418e-01,1.533091494242279917e-01,1.564939025583237941e-01,1.089137087993102271e-01
2.214199101742667930e-01,3.247298081646664003e-01,1.406577509042364893e-01,9.625960535338955182e-02,9.525318095933205109e-02,1.804183262408309008e-01,6.457445116427250609e-01,2.127256445337373514e-01,1.463735829838335445e-01,1.108439254244163868e-01
2.534509693486542425e-01,2.605624967796360547e-01,1.377364873514961563e-01,1.031945970860380091e-01,1.070445660496270185e-01,2.146770717169382281e-01,4.757265448383173334e-01,2.784985934773999694e-01,1.157580693573573710e-01,1.073053389159889098e-01
3.429577296209655457e-01,1.930020773703089443e-01,1.448888171640759226e-01,1.143936575291342600e-01,1.158771936497598881e-01,2.253434735377020659e-01,2.642075486201426182e-01,3.589498483813581275e-01,7.969554481207709318e-02,8.357126071807270684e-02
4.353093982278040119e-01,1.255009626174640180e-01,1.477605656433208514e-01,1.190981075220189783e-01,1.133454753660706332e-01,1.987782201245626434e-01,1.161629911407524030e-01,4.083973957460557691e-01,4.994112340898090863e-02,4.599364310659295046e-02
4.646950775845065107e-01,6.828517570854089613e-02,1.315334281003128769e-01,1.083704759764075876e-01,9.951951587420085343e-02,1.587187960483038562e-01,1.183183938481697922e-01,3.849156765013160841e-01,3.009836928024934785e-02,2.189759339167153193e-02
4.321688669189215903e-01,4.442312529700376267e-02,9.988349752897231204e-02,8.516077907189467666e-02,8.209964632872417123e-02,1.355259975592483512e-01,2.700822613229284519e-01,3.083657969736448012e-01,1.739023452286478366e-02,3.849973924459254571e-02
3.783544960020862047e-01,5.857199060174470007e-02,7.403664203777376995e-02,6.276708928034409329e-02,6.955203804408456592e-02,1.337921844581815844e-01,4.856224305267097807e-01,2.338737785659338320e-01,8.197290781963509007e-03,1.157250547499788645e-01
3.170201450884949090e-01,9.004571789117318814e-02,7.366946665562186525e-02,5.405080437439876984e-02,6.624895061375996042e-02,1.392074516436351828e-01,6.457805156238356492e-01,1.913705504167950433e-01,5.974395548281588933e-03,2.427198187745801539e-01
2.466364915638971644e-01,1.208110085694020508e-01,9.492866236041783146e-02,5.854261668177255379e-02,6.892708604773156722e-02,1.393318790531440365e-01,6.659931103693391696e-01,1.702680978053006666e-01,1.959758995120739269e-02,3.530993528773571088e-01
1.960813877911303515e-01,1.473328391643062285e-01,1.144799046965908895e-01,6.340828099547546337e-02,6.891168458414381748e-02,1.296004327478826323e-01,5.532133359304590714e-01,1.441964286997023670e-01,4.852673260465034666e-02,3.757466484727571832e-01
1.967012804554646999e-01,1.620686279733148660e-01,1.161410828510407445e-01,5.896519068049902584e-02,6.046020580004660833e-02,1.092545676459934917e-01,3.749910101737287116e-01,9.890777731154980212e-02,7.652755270978811586e-02,3.149927173427907734e-01
2.259624124038349113e-01,1.476883846630221153e-01,1.004117121086829240e-01,4.666282440138799781e-02,4.463155389823465768e-02,7.967785635135340994e-02,1.753612952731410934e-01,5.306307235630479402e-02,8.822675173248172020e-02,2.361626449603866362e-01
2.368992368246176650e-01,1.007633498957848095e-01,7.322855777669054489e-02,3.234297803324407555e-02,2.628358435428138767e-02,4.620114737624714946e-02,1.781377283450198690e-02,5.029730284196815004e-02,8.598363648569538886e-02,1.837501773055151000e-01
2.292946248205744442e-01,4.310341034424150508e-02,4.393763784987581023e-02,1.998913546514296743e-02,1.105964404208762200e-02,1.706775262147906466e-02,1.345096453087520627e-01,1.061852397987281399e-01,8.163133327403120088e-02,1.563719254074000253e-01
2.367523592853029435e-01,1.443990827672129648e-03,2.578558557968895285e-02,1.064924220883730482e-02,2.273688553496589979e-03,3.236374912294687906e-03,1.212549904490246716e-01,1.740417548010255444e-01,7.681618570011797265e-02,1.423674150696931928e-01
2.568796694024170213e-01,2.803566948223064695e-02,1.993008692393438697e-02,1.653279638959623613e-03,2.329809967351770261e-03,1.794035011551581640e-02,4.799706452709718435e-02,1.960926254215012432e-01,6.291737137636618793e-02,1.340287623733735778e-01
2.472770496542543994e-01,4.234099346262834573e-02,1.020154270399564918e-02,9.562026765950568108e-03,7.059143233433602671e-03,3.059197832079479581e-02,5.122800614374579259e-02,1.735731118689312624e-01,3.944110589140489148e-02,1.174265906394040410e-01
1.872712853238915620e-01,4.410986216556246620e-02,1.100708981890519654e-02,1.868429022057104677e-02,1.113318692645223415e-02,3.684381696888013036e-02,1.653307947849627091e-01,1.510214572695693647e-01,2.052306421318611171e-02,8.525362493491037141e-02
1.059331652312429095e-01,2.777758341761831298e-02,2.706336644882028145e-02,1.853717983774243877e-02,1.065281133632750739e-02,3.200235010764565513e-02,2.889810570632644349e-01,1.468653142343014362e-01,1.872230805968268588e-02,5.564409924165875099e-02
4.615700681884889189e-02,5.626397030612453540e-03,2.213930377540852812e-02,1.082481234596022190e-02,7.119727640351589636e-03,2.371539270611273259e-02,3.232837757457378003e-01,1.378408346747332647e-01,3.018829029430969077e-02,5.348043506429624866e-02
2.097669633552649848e-02,4.455936170975357408e-02,5.948533167217808816e-03,5.558331944454857759e-03,7.137586212998777921e-03,2.568961652364994824e-02,2.798373618593231194e-01,1.086423825902695650e-01,4.034353495836573433e-02,7.516738244113795042e-02
1.084093985037131239e-02,7.683886500308909073e-02,1.460620940883885707e-03,7.760907627121842352e-03,1.327763277777557066e-02,3.910727626236758236e-02,2.293234824846001052e-01,8.202969536290301289e-02,3.967816522487928321e-02,9.021074863919667508e-02
4.708926713194897667e-03,9.888615840204090235e-02,3.276833924717098296e-03,1.219910138650243808e-02,2.095225741987789478e-02,4.998244762678649700e-02,1.826485247722868244e-01,8.560077225858862826e-02,3.146800013224134579e-02,7.976459866692131584e-02
2.631106650769972702e-02,1.121615717558495373e-01,8.473290598637312973e-03,1.264999730406559005e-02,2.513242301397021830e-02,4.598207671077733649e-02,7.877156329266030155e-02,1.108171971044306925e-01,2.505659439039171349e-02,5.736641606173000646e-02
4.980896929323487543e-02,1.161034073233882941e-01,7.284357576411455010e-03,1.071824013985612709e-02,2.611297632925664233e-02,3.007018989268320924e-02,1.000386617715335186e-01,1.242849737932808230e-01,2.189485065997434296e-02,4.226701018170029439e-02
8.363571156872853796e-02,1.081997633688514260e-01,4.697782352355363809e-03,1.290741681848373706e-02,2.778038069025938472e-02,1.703644401940181477e-02,2.613754047033665096e-01,1.050938211292404556e-01,1.248382140954558579e-02,2.691662573515720552e-02
1.354950902479167552e-01,8.585200850565867514e-02,8.487067451298846432e-03,2.150977470419668594e-02,3.277006939894777648e-02,1.939194329689886837e-02,2.978187552599974031e-01,5.347054068607169641e-02,8.685441192036165090e-03,1.033701245588558061e-02
1.962283680806926334e-01,4.703781312745024951e-02,2.062117615788517863e-02,3.175253017630867702e-02,4.024535837842851960e-02,3.678668585380975853e-02,2.126045910097033587e-01,2.509855845829664367e-02,3.208819326491701984e-02,6.589379768207506705e-02
2.522390490856752931e-01,5.774731178489344793e-03,3.727651771263937319e-02,3.862379808224267186e-02,4.735703319530134431e-02,5.817124165831023125e-02,1.081402129894504932e-01,1.253016593473077200e-01,4.507721449654769619e-02,1.060147939216743024e-01
2.981967773999317783e-01,6.344446340032797171e-02,5.393738454368315893e-02,4.313828498008812073e-02,5.217491200083979042e-02,7.324734865925150440e-02,7.125023024957791162e-02,2.308758430088610758e-01,4.860337365292943801e-02,1.078908231274521012e-01
3.237330417107864289e-01,1.168813658887585261e-01,6.915661399578838797e-02,4.891463645074983074e-02,5.498269865349977858e-02,8.129819389513469330e-02,9.249571297963428418e-02,3.087822629882367997e-01,5.334470279864918923e-02,9.014449952592636095e-02
3.084075013728387327e-01,1.634466564500229868e-01,8.341308878235124957e-02,5.535954164054249227e-02,5.686248824751184011e-02,8.985573855500190998e-02,8.701548630281752406e-02,3.293372291325275536e-01,6.470110530478476174e-02,8.958362091907237645e-02
2.492114044960986596e-01,1.995073874430467187e-01,9.503705305744533649e-02,5.813417702017284472e-02,5.749723255637674557e-02,1.031583949727262334e-01,1.070750712421290884e-03,2.968921485380845993e-01,7.945381470322410156e-02,1.148736693638711670e-01
1.774038248437343757e-01,2.091333054212931586e-01,9.844584432866684831e-02,5.464683917740881247e-02,5.452080558544891015e-02,1.097866488623246428e-01,9.621061191861876583e-02,2.451558680641150456e-01,9.151934776985586051e-02,1.372906961377959312e-01
1.314483004421688195e-01,1.748941107061989519e-01,8.813306385600649939e-02,4.597766888694041626e-02,4.562832674163466024e-02,8.957347366504699038e-02,7.332787177711536097e-02,1.987661076921723169e-01,9.419701505393554553e-02,1.289052852159796037e-01
1.259380335185090738e-01,1.061225679680808109e-01,6.587769540586302375e-02,3.509274908142989008e-02,3.235710329673654323e-02,4.140337890282586725e-02,8.834714946748212228e-02,1.627335517024403877e-01,8.319084239975377271e-02,9.908071030639487020e-02
1.553304699936033928e-01,4.207182533445613659e-02,4.277185569386864755e-02,2.582079631771378933e-02,2.096874937144802692e-02,5.667431378751600080e-03,2.450733033407816175e-01,1.491761292668198902e-01,6.378034048983832749e-02,8.373420804625533731e-02
2.042598982579703626e-01,1.609057645808133902e-02,3.111231967729141679e-02,2.182595990802665281e-02,1.756900101363012556e-02,2.149227247078535144e-02,2.554068433437666208e-01,1.765053055618024391e-01,4.892940107735539029e-02,1.032519359258932679e-01
2.391209765864516501e-01,2.634778376999475508e-02,3.370415959308993570e-02,2.385706542745641076e-02,2.230447437617691375e-02,6.099856795113385577e-03,1.288655612147415752e-01,2.315452268563951699e-01,4.535031817514629388e-02,1.443686928691870486e-01
2.201410264701505470e-01,4.866153578675951052e-02,4.281915206435225191e-02,2.871829966153408714e-02,2.970600189537290353e-02,1.867531252444892126e-02,2.912590811743857866e-02,2.667829542462736292e-01,4.727713802482556155e-02,1.831057246009911987e-01
1.508294861806229459e-01,6.664685410714710212e-02,4.955828593114954689e-02,3.249893762363198491e-02,3.460186186940442110e-02,3.782950684746456960e-02,1.535951670245166434e-01,2.527282071009973596e-01,4.705996564326067610e-02,2.102913412923924086e-01
9.047647405494639583e-02,8.088047062644568297e-02,5.216546219746171636e-02,3.432613578356939754e-02,3.642963126505495419e-02,5.176947988453704103e-02,2.515123154966838470e-01,2.117083249493354191e-01,4.523706012223208811e-02,2.304703848698609892e-01
8.699895034966867446e-02,9.690955663730929648e-02,5.472406925943621575e-02,3.596240082963624018e-02,3.761070623545840347e-02,6.465673418145066742e-02,3.431048043326381247e-01,1.853289148466821246e-01,4.682841570410487680e-02,2.485589497101658718e-01
1.215406526207539473e-01,1.147148017492649330e-01,5.979525779407600383e-02,3.815327891270223204e-02,3.916402857198773152e-02,7.636743935557843699e-02,4.252462801106134949e-01,1.831913155409124194e-01,5.295824960361106976e-02,2.650103432743896592e-01
1.471742914960221527e-01,1.297324424354415473e-01,6.465349465233975745e-02,3.908911484725295649e-02,3.950782856059131820e-02,8.475358203123821432e-02,4.853500433586137586e-01,1.792203570555646053e-01,5.966640800462249400e-02,2.784464006572907602e-01
1.540897220009111723e-01,1.390148757357556886e-01,6.549235880595523362e-02,3.716642368199524898e-02,3.731421515881253731e-02,8.908569311807970625e-02,5.213921046400770143e-01,1.523366442055839043e-01,6.284090530988269141e-02,2.880554805134631913e-01
1.654004619320804947e-01,1.441415778015595062e-01,6.339666500499366308e-02,3.341405976824036311e-02,3.355304273526824727e-02,9.010079047773689176e-02,5.406895758653758044e-01,1.146244013978324483e-01,6.215081562258835401e-02,2.936893774744264718e-01
1.892786435907293785e-01,1.480135126387867595e-01,6.278875244989876037e-02,2.983890777619115087e-02,2.994625425363566656e-02,8.881705010280022128e-02,5.486394143356237985e-01,9.466711878714841044e-02,6.011209760048299988e-02,2.925589129804914146e-01
2.054007087805425624e-01,1.497744076135517632e-01,6.418870420714252456e-02,2.693865969746258096e-02,2.690619322463835839e-02,8.594619658102901905e-02,5.452006774412740953e-01,1.020169873813660255e-01,5.824582944777189492e-02,2.766645246935158786e-01
1.928500576919771614e-01,1.458180026244242644e-01,6.298648906024019445e-02,2.408048445192405990e-02,2.389964999282277042e-02,8.191626662367483547e-02,5.292680783085782492e-01,1.155611281606290786e-01,5.560427353053196131e-02,2.404717202573996571e-01
1.521236233982193042e-01,1.360588351844810029e-01,5.660490670493309451e-02,2.104045514396642516e-02,2.075989707390810471e-02,7.678727984192762479e-02,5.008484639263974803e-01,1.057946015988943944e-01,5.117031542047149884e-02,1.913859281894725317e-01
1.017255736433421154e-01,1.246147818677718899e-01,4.841026779538402242e-02,1.810338545351264372e-02,1.777143738193414854e-02,7.027781655771703218e-02,4.611546757511946204e-01,6.836176521737521994e-02,4.574107619914331846e-02,1.419654677063726667e-01
6.748310051156206080e-02,1.133325593753910648e-01,4.259458469962323912e-02,1.538083623461910902e-02,1.500668946372016657e-02,6.284315927412327529e-02,4.171323872416823897e-01,3.582701994281065061e-02,4.062229541641627223e-02,9.361398835280999864e-02
6.873838399180930148e-02,9.973572651951545520e-02,3.902728243697253102e-02,1.274637651657042903e-02,1.225463941945298917e-02,5.593847721446823518e-02,3.823449707677482046e-01,4.430593385843756282e-02,3.600832174069709679e-02,4.370908209319573218e-02
9.762300768541407048e-02,8.254913791209714247e-02,3.519071309091400396e-02,1.015179470053964236e-02,9.518384748083717761e-03,4.973901952659084968e-02,3.636867409810805585e-01,8.352135443460788344e-02,3.144833868727749809e-02,3.319094614543379590e-03
1.234217596680630136e-01,6.528678235432723576e-02,3.023926308537492474e-02,7.661465848592525357e-03,7.094677615027470546e-03,4.249145498767570306e-02,3.508696514380194031e-01,1.058287972735885707e-01,2.685282804007663518e-02,1.395052157376679841e-02
1.336713897193952394e-01,5.363108371855487833e-02,2.511162992556204704e-02,5.304736953951228774e-03,4.940523271074860091e-03,3.405641634699316245e-02,3.297573863458285737e-01,9.498501880478719961e-02,2.242919953170646741e-02,1.464776251699154846e-02
1.471369329562506878e-01,5.049839958285317482e-02,2.032730635388588572e-02,3.058005469429423209e-03,2.475008361915865228e-03,2.738352975380334633e-02,3.007577424996119575e-01,8.462927595237379474e-02,1.822705177423768544e-02,1.480329993205431807e-02
1.680693104130318583e-01,5.256695164371253531e-02,1.552770765376301418e-02,9.134863100970121164e-04,4.302446583604978281e-04,2.441000304218733652e-02,2.727043756307123701e-01,9.089476025093622125e-02,1.415722050535000304e-02,1.278432005364498261e-02
1.606263674694600185e-01,5.189692662787161181e-02,1.063708178026589665e-02,1.111889732604721265e-03,2.891315952270513516e-03,2.321431073762413033e-02,2.458202922488208486e-01,7.621987083245052030e-02,1.020372097960371531e-02,5.493408687040037680e-03
9.328600000642146839e-02,4.283282215270080989e-02,5.972592349805403052e-03,3.008706428778948425e-03,4.262557034975068132e-03,2.063902491997203492e-02,2.133485664295219353e-01,6.307550111798234174e-03,6.417447765863300464e-03,3.359840565034184767e-02
1.430569233996641099e-02,2.682512423844098104e-02,1.444040198278019604e-03,4.779342614476562306e-03,5.184933700627354820e-03,1.526324027266678235e-02,1.746906242838290324e-01,9.570421747300458803e-02,2.816718161206640224e-03,3.544228503090832844e-02
1.053468400077196832e-01,1.023245758836468719e-02,2.929940046663576450e-03,6.423068699230708584e-03,6.528361488923356548e-03,7.387060786518973195e-03,1.368083774104917882e-01,1.733337514240075317e-01,6.112353777907933439e-04,1.687577128924392517e-02
1.361929821166024401e-01,8.958048521877665787e-04,6.263508794573311757e-03,7.934903853227166098e-03,8.166625398762863280e-03,1.484594540953657407e-03,1.058770840299219917e-01,1.921090748269859150e-01,3.863948338255490320e-03,1.053848324863261299e-01
1.141917673111110809e-01,4.942605209862740989e-03,8.233498520236965171e-03,9.312748818471801651e-03,9.537165786926562333e-03,9.071704056258548046e-03,8.376489196352233935e-02,1.627068780103856638e-01,6.924149139856392195e-03,1.842948671364913471e-01
9.400316719165517643e-02,6.475514440725199314e-03,1.042315651794672657e-02,1.055619297639249533e-02,1.057472246848027014e-02,1.407226025922242961e-02,6.967069330346009615e-02,1.232572414625811852e-01,9.781759868595188076e-03,2.262240871966197386e-01
1.245152948155931333e-01,1.255243644797274412e-02,1.447770780807653562e-02,1.166312907890342671e-02,1.152179051085813061e-02,1.735084300786541439e-02,5.955973513469809549e-02,1.025008200571400491e-01,1.243428164900594463e-02,2.324217301175816042e-01
1.932766874263349977e-01,2.495706674106604878e-02,1.981372116354567642e-02,1.263447882000117740e-02,1.241853962057819401e-02,2.032171909765324164e-02,4.695594071533232966e-02,9.902803261984519101e-02,1.487681238223274166e-02,2.131480097237939686e-01
2.427591403637766876e-01,3.815714932849936791e-02,2.457980621498316587e-02,1.347629135685460104e-02,1.316288223015253493e-02,2.287245263263264217e-02,3.180635726496888055e-02,9.827052324418519835e-02,1.710205000997198216e-02,1.787986937288063294e-01
2.431103240563444179e-01,4.628636946187927870e-02,2.785911642428470433e-02,1.418880048818585080e-02,1.374339499773198636e-02,2.427809862442407637e-02,2.341704812411429457e-02,9.830707111631110939e-02,1.910525519347982051e-02,1.391802142362948136e-01
2.185869798484674498e-01,4.883784372376197280e-02,2.972837699840404080e-02,1.476426002784279878e-02,1.420441481251454030e-02,2.556221544819769348e-02,2.224133055974858789e-02,1.045618060306948011e-01,2.088457406822887344e-02,1.006472317377641729e-01
1.993797353282769913e-01,4.856955376777506717e-02,3.017322448536123580e-02,1.521079492303424770e-02,1.455416213864589928e-02,2.881618837902301042e-02,8.107824254386820223e-03,1.104067995789740353e-01,2.243895025569468682e-02,7.171311217800838134e-02
1.857429633759300203e-01,4.780741417926436670e-02,2.928701758448429282e-02,1.555644230291772581e-02,1.480354671007065928e-02,3.378958854360235992e-02,3.344130361332001145e-02,1.047267159044885931e-01,2.376814204809853115e-02,6.734843745443544472e-02
1.694868583106785842e-01,4.765881063672008228e-02,2.804820755026267778e-02,1.579798491438634545e-02,1.497231375023081248e-02,3.716140824540056786e-02,8.474429191758943436e-02,9.355084261304626170e-02,2.487385091714269109e-02,9.385336243234373987e-02
1.545196164604329958e-01,4.755408287690117419e-02,2.767871640105706160e-02,1.589139746164370745e-02,1.501908008316258508e-02,3.619108907388613600e-02,1.195950701079030731e-01,9.257387399920027904e-02,2.575983050673377045e-02,1.349934085169699760e-01
1.427152078444285654e-01,4.572739339427172450e-02,2.833797282290035843e-02,1.586082405295641262e-02,1.491557083337926790e-02,3.161183968285041779e-02,1.375342540047150008e-01,9.978950340516840045e-02,2.643141248738279173e-02,1.646052663727252674e-01
1.259451360714864132e-01,4.237573952288367640e-02,2.926520829835480703e-02,1.582147950990847943e-02,1.479276513199075452e-02,2.602093001206435413e-02,1.503235892512114480e-01,9.669411388946344554e-02,2.689545065691203649e-02,1.675108498714249772e-01
9.943277299674511960e-02,4.022162748675504884e-02,2.979787437838742059e-02,1.574719523398575988e-02,1.474398751640652004e-02,2.094242769400966528e-02,1.544369892958745716e-01,7.747898346062007113e-02,2.716049076778504975e-02,1.453627820341648891e-01
6.728279870088015036e-02,4.039166504439148375e-02,2.965350656079566993e-02,1.541235654336212818e-02,1.450623293391050360e-02,1.680424267398639496e-02,1.413994659781299124e-01,5.756224987586773534e-02,2.723669569830614728e-02,1.131487603956992938e-01
4.149986022677232267e-02,4.184885857579349888e-02,2.911719207205350560e-02,1.488263000492542898e-02,1.388488820003627375e-02,1.488118271631668973e-02,1.188374163833655212e-01,5.223995724235325211e-02,2.713561249049983512e-02,9.072568922704589423e-02
4.412532518876816079e-02,4.578549634598166190e-02,2.925141583504490064e-02,1.470994646412709418e-02,1.349910496250583854e-02,1.746389362317538052e-02,1.056298545051370941e-01,6.192599696576878143e-02,2.687000589036978720e-02,8.771446774862627638e-02
8.821269566285000474e-02,5.440541628781915551e-02,3.052537580897317360e-02,1.504850444945575114e-02,1.410253576550282544e-02,2.517297226473509328e-02,1.165891211681747835e-01,7.617461414731736824e-02,2.645372505658497367e-02,9.679397998349519028e-02
1.499335544125465214e-01,6.469208970788310753e-02,3.147818148096068191e-02,1.507946458027466068e-02,1.499745560454122245e-02,3.480329849485658267e-02,1.522038287792077116e-01,8.372783881591971955e-02,2.590150327802341612e-02,1.042215553795337868e-01
1.869903826249880718e-01,7.030424328598261496e-02,3.057121715138451379e-02,1.412525728237958370e-02,1.455436935558773043e-02,4.140108654196755777e-02,1.942369407690704430e-01,8.387857771247937688e-02,2.522871137623661567e-02,1.017193012089233212e-01
1.851120632293240531e-01,6.941217970803680026e-02,2.853058739782556724e-02,1.273951528742046230e-02,1.268652664833427694e-02,4.239764530914829493e-02,2.184692771472231398e-01,8.595198466576629837e-02,2.445111893621059948e-02,8.834845717060577086e-02
1.601073865759406745e-01,6.441074993785345093e-02,2.693683840680082681e-02,1.189805894531286573e-02,1.117805644839572898e-02,3.850298121780634103e-02,2.163813672358849971e-01,9.049372001894664952e-02,2.358466186211054944e-02,6.741995202380050844e-02
1.232520051431074820e-01,5.661484706972107900e-02,2.582269457011268296e-02,1.168482700334984997e-02,1.098552246376884728e-02,3.164391238119865224e-02,1.958857230736581190e-01,8.490414284202993378e-02,2.264519874266298499e-02,4.317081724396922005e-02
7.219030226185506327e-02,4.748937749259354857e-02,2.436555585845446431e-02,1.133516825971565313e-02,1.084714948912129072e-02,2.413711955844636062e-02,1.660780968230665955e-01,6.579753035338414824e-02,2.164826451693991835e-02,1.916362150818423649e-02
1.446798105459639813e-02,4.121429113637421759e-02,2.268667904445345260e-02,1.033934947402387686e-02,9.645711450117059466e-03,1.924893315287519099e-02,1.374164943736774780e-01,4.669698111333681761e-02,2.060883769636119925e-02,4.876010331777702600e-04
1.587410389339640251e-02,4.038044376614563502e-02,2.166990752244295909e-02,9.398888351815733871e-03,8.865211336881530929e-03,2.049698875739965065e-02,1.348690332825606131e-01,3.913361189807799956e-02,1.954112507302722956e-02,1.102450675220563447e-02
1.787568605166243649e-02,4.238984780812590780e-02,2.152920608087800433e-02,9.852014189688838505e-03,1.074282758324216630e-02,2.938179220727594326e-02,1.897616611549274857e-01,4.310876174532802391e-02,1.845836362895317273e-02,1.136695956844226835e-02
1.053493759575040989e-01,4.359296515790511001e-02,2.135248201086918651e-02,1.152449151617613785e-02,1.456090944877706100e-02,4.327712809465163873e-02,3.014282194208234289e-01,5.521232824876977363e-02,1.737264447793611388e-02,7.926331392634575895e-03
1.867985575038451362e-01,4.383594680359764739e-02,2.029734691353824241e-02,1.217893815447300410e-02,1.737070970661263800e-02,5.598737654272802761e-02,4.171661325568238321e-01,7.433507732884389596e-02,1.629476494763788808e-02,1.000561778274455631e-02
2.179354179513759981e-01,4.434307090111748451e-02,1.861683427233026822e-02,1.038670880423388926e-02,1.800620622858097042e-02,6.211090061623188163e-02,4.763379231738129604e-01,9.883132222579599224e-02,1.523411163038523863e-02,1.872498110252371339e-02
2.069481897892058164e-01,4.388702052184549618e-02,1.691735109956987726e-02,7.641319276059812746e-03,1.728055311604742225e-02,6.095853000353806950e-02,4.684931855183378513e-01,1.185180496618514628e-01,1.419857558016895428e-02,2.460509309155706897e-02
1.752351946484745904e-01,4.018067488704875345e-02,1.525835826532239738e-02,6.138859636324269300e-03,1.505564236831163742e-02,5.487960934720031991e-02,4.217585725970948163e-01,1.139957906775476149e-01,1.319450124573299556e-02,2.112138761602021936e-02
1.225136075158548693e-01,3.383213191154765126e-02,1.361745917533906634e-02,5.939578490126805506e-03,1.085683179527221348e-02,4.527205962402135186e-02,3.525146060469295239e-01,7.629782822199347725e-02,1.222667034330033806e-02,1.576978076158874753e-02
4.875124195082098516e-02,2.805582435448479919e-02,1.226449480088259020e-02,5.759022796632410138e-03,6.458510241832415844e-03,3.297070658550403655e-02,2.640756519760470433e-01,2.434786290242553497e-02,1.129832047751231847e-02,2.060837111265548943e-02
2.057095166929425595e-02,2.471825169946179762e-02,1.124441320108230183e-02,5.144577888290808969e-03,4.295397325092046442e-03,2.102500535010133620e-02,1.754008093584703276e-01,1.138949919334722102e-02,1.041119728273845468e-02,3.621883319598494938e-02
