7.680967369568250051e-04,8.269271713581832642e-05,2.394989223517556692e-02,6.606255745468406736e-03,9.344766228942378737e-04,1.040503770748899340e-02,4.176797648361340633e-03,2.063801677855818528e-02,6.242518170487817986e-02,9.883531697374568770e-03
9.051735089053591530e-04,3.022016095949179898e-04,2.602755922563802261e-03,8.957669978636645164e-04,4.920057291007475528e-04,1.291593050417646528e-02,1.263723404184032353e-02,1.969657339662319803e-02,6.335504402545236169e-02,9.876134201680087515e-03
4.758500090896757278e-04,6.776913923114504835e-04,4.582716182907281034e-03,7.686152506376029564e-03,2.509728297441429909e-04,1.572078108679893227e-02,3.722554639239939941e-04,1.589306180617404418e-02,5.287400173182735252e-02,1.003581498169443982e-02
9.437160958668845689e-04,1.034678720311080994e-03,1.523218898009764261e-02,9.336399791575333493e-03,4.257457027773771429e-04,1.778482235320274357e-02,3.089469893313439089e-02,1.442540185293281901e-02,4.142663245979529701e-02,1.617935675986859057e-02
2.652537901699908267e-03,1.364518961847808109e-03,3.805874630841404871e-02,8.660622705312904200e-04,1.566461931536485160e-04,1.923203543273992872e-02,8.377419062503363434e-02,1.636444517810822785e-02,3.286611192302662382e-02,2.683758340675143628e-02
3.071193059515076301e-03,1.659232114189988045e-03,5.599371712440555371e-02,1.003464102604851964e-02,8.244925651956222713e-06,2.046635593738377334e-02,1.430615606349754099e-01,1.752958492465645640e-02,2.411669148438320281e-02,4.689310726745746227e-02
1.586635073535032532e-03,1.911698094679349516e-03,5.075434197280063314e-02,1.404115544752613902e-02,5.022200102845261326e-05,2.149532939532900616e-02,1.687279479428512030e-01,1.550468376140723588e-02,1.155904447588438841e-02,7.659182523625303329e-02
4.446366963880796783e-04,2.115831190823276326e-03,2.703999363470370107e-02,1.010618310418328648e-02,4.130141013000583345e-05,2.230603342072651207e-02,1.449522723311382488e-01,1.296663485898191630e-02,4.385474144103602631e-03,9.627522784759794117e-02
1.366627379635368096e-03,2.266729383457846518e-03,1.890215674639844634e-03,2.911445861038959235e-03,5.609176522681128094e-05,2.342965368978412039e-02,1.123861495657259429e-01,1.352056942056672692e-02,2.013699731130985313e-02,8.752613392461594533e-02
1.175995275084712596e-03,2.360794867472068830e-03,1.867786188629905544e-02,4.655738492934390765e-03,1.282992025957161223e-04,2.528981970799737064e-02,1.144582638191971036e-01,1.753645230868575156e-02,3.361866977081981456e-02,6.131887516106683533e-02
9.220358389055503638e-04,2.395822808821462639e-03,3.932951351524763967e-02,1.129171175092781934e-02,1.539428759062006901e-04,2.645948794705244717e-02,1.341012999952776175e-01,2.253415254441912957e-02,4.651224057796917583e-02,4.254533646092226867e-02
1.032485669277748977e-03,2.371056143864260207e-03,5.547138345427735789e-02,1.355640475480996386e-02,1.837460327421489026e-04,2.370837795051569316e-02,1.231247491676701750e-01,2.490381608285166179e-02,5.911939652453176292e-02,3.309236230433371811e-02
1.179904409926856414e-03,2.287205019191014717e-03,4.899869932411190371e-02,7.931047345987558145e-03,2.263053993271963056e-04,1.548227555902965784e-02,7.308914799065360790e-02,2.124449168234487928e-02,6.427857778376451503e-02,1.029020811777532282e-02
1.149867446525222993e-03,2.146430338961742307e-03,1.123924442850918540e-02,4.938988360895587779e-03,2.561453947273884652e-04,4.621201261942636113e-03,1.851108031053762953e-02,1.214504120696064185e-02,5.223325252327452872e-02,3.810561219954808343e-02
1.074512269525219757e-03,1.952291833592117087e-03,3.932313005214133766e-02,2.041155662210472968e-02,2.673637223452399463e-04,3.835078459394649069e-03,8.426138938588843483e-03,4.805337358893849338e-03,2.335633239037090969e-02,9.062409136343087257e-02
1.100255835065289990e-03,1.709661914110269373e-03,7.227015581606235917e-02,3.244559999410079332e-02,2.705346360794504590e-04,6.729502867666048438e-03,2.352157693143636791e-03,6.237733760756627478e-03,8.380361117317363523e-03,1.123061102976666836e-01
1.196005449982488972e-03,1.424607258112988491e-03,7.360053244354851365e-02,3.619501227947165972e-02,2.675502054147497967e-04,4.471558327307349236e-03,3.276634598269392851e-02,1.375632424178855132e-02,2.688543006688192197e-02,9.544133655705062946e-02
1.198583403968073429e-03,1.104240891073706614e-03,5.208089089107326153e-02,3.141011386398361721e-02,2.528412464835996039e-04,6.287769348355589510e-04,3.294952103550170125e-02,1.832089044859425836e-02,2.648649894782841713e-02,6.565803211302971565e-02
1.058160647516836637e-03,7.565485798284839539e-04,2.303796718109432651e-02,2.318761877587792453e-02,2.252690853841145474e-04,4.271938916522400806e-04,3.500886565491369978e-02,1.583047697180260671e-02,1.321562049948642875e-02,4.384319802224320023e-02
1.054394692549949844e-03,3.901939336693560178e-04,5.965798079382495823e-03,1.657523391412386513e-02,1.875989936890177091e-04,2.294597773635546900e-03,1.429140875762021090e-01,8.560465071297903086e-03,2.646354813337270431e-03,2.257971294745689944e-02
1.366004299187057163e-03,1.430642638695277203e-05,3.464761017848016350e-02,1.130222847682459987e-02,1.407544102813754303e-04,5.544583095632129449e-03,2.278325043311137665e-01,1.155208104228343203e-03,1.573805168858542769e-02,9.638760426241257256e-03
1.402068264364704627e-03,3.617429322237815338e-04,6.077838377249204088e-02,4.139187161823330678e-03,8.421169204403793095e-05,6.719245920080526950e-03,2.663928736621614113e-01,1.135794008866128010e-02,2.999868936385615553e-02,4.249077926603837818e-02
4.459464214622444606e-04,7.285717282767924024e-04,7.562180486303526905e-02,5.320170514177025543e-03,1.904657675210009245e-05,6.890130494416745778e-03,2.722477064776934186e-01,1.839595520816074414e-02,4.982691671331838934e-02,5.968461136572752318e-02
8.583441316860983663e-04,1.077015542711836586e-03,7.231633148560923097e-02,1.374403124469261717e-02,5.271890585154457139e-05,7.262210920802808847e-03,2.449368607748068638e-01,2.092763952077465739e-02,6.455139202391733944e-02,6.733480044932158015e-02
9.269323625909231014e-04,1.398353322962952137e-03,5.734885183331270286e-02,1.750345736354703627e-02,1.303896635066317323e-04,6.183324000832263537e-03,1.777799728183817873e-01,2.224260956405399794e-02,5.310745471860124634e-02,8.526341517361028799e-02
4.828476145978021286e-04,1.684525269115141714e-03,4.445658644251793828e-02,1.533993648728787171e-02,2.133629619463259339e-04,1.812226803173127947e-03,9.599803916018857797e-02,2.413936256309482178e-02,1.198805216547851188e-02,1.136078459974724231e-01
1.684269329217024042e-03,1.928333044448352507e-03,3.418863491037205105e-02,8.978464963158136816e-03,2.983568509991549344e-04,4.835052614900567369e-03,3.540593909456277166e-02,2.328555141255549479e-02,3.394612888699653774e-02,1.307109780476774230e-01
1.099974218506417911e-03,2.123612909363319437e-03,1.230548409502130007e-02,2.296606155701243213e-03,3.820973266906891740e-04,1.074380568587790692e-02,1.267076179863628124e-03,1.735708105844670571e-02,5.795682945375255080e-02,1.252698723869517528e-01
1.141856332378780436e-03,2.265387793012887344e-03,2.406405426680646026e-02,1.071729418174727699e-03,4.664792938815175410e-04,1.320196137278184176e-02,1.736675805369301828e-02,9.968878444233417874e-03,5.706288895622212143e-02,1.063728255956433305e-01
3.789121623645998888e-03,2.350004431314659491e-03,5.383412526340500270e-02,1.875633663783068906e-04,5.530682460578200451e-04,1.137293241742362918e-02,2.395667837280475443e-02,6.436852518104238183e-03,4.415998850945469789e-02,8.212365981211763866e-02
5.749908194642102538e-03,2.375230524664319678e-03,5.723309076198140888e-02,3.141405006171454732e-03,6.325057747318056211e-04,6.914376863811931562e-03,3.298254376172765623e-02,8.410999240258246190e-03,2.787627388146391577e-02,5.545694635143148116e-02
6.491582618259712605e-03,2.340287857731998197e-03,4.014152937218599948e-02,6.348769279575918606e-03,6.961185191605571195e-04,2.911564448024223789e-03,7.340671014583864673e-02,1.421779395087379751e-02,1.008980461751949990e-02,3.966593903975165758e-02
5.755796383225546438e-03,2.245866229450017588e-03,2.184817730659526294e-02,7.778676548393947433e-03,7.587662110682337653e-04,1.909857960105765771e-03,1.453902305693195729e-01,2.112686586817119280e-02,5.308827673580759215e-03,5.073224653275974771e-02
3.616673812258656539e-03,2.094165226535729674e-03,1.034880526583379159e-02,7.465824413426000276e-03,8.347568648819795939e-04,4.422021195929735915e-03,2.008235644060691050e-01,2.627587701158776504e-02,1.284972324631812948e-02,8.014353300762638854e-02
9.087649055625325687e-04,1.888866411373214035e-03,7.442939172569709369e-04,7.249512408296262742e-03,8.886317488967734489e-04,8.130858236452731883e-03,1.898848363123687988e-01,2.787813868758134625e-02,1.340011654562533669e-02,9.387642843452928543e-02
1.076726668995795898e-03,1.634932769822608186e-03,9.187986960999733332e-03,9.024513570179096278e-03,8.854232220150862025e-04,9.717649697954001964e-03,1.187632325146576739e-01,2.681534572683687626e-02,1.261983792047142137e-02,6.904759179986448558e-02
1.718989443470031724e-03,1.338443352106586217e-03,1.313474633730579710e-02,1.215557864704724413e-02,8.971188203942607976e-04,8.954140762005203050e-03,4.675184855480554735e-02,2.580902490813992770e-02,1.092544045820612389e-02,2.583138173947048186e-02
1.524986062904716902e-03,1.006694044859054657e-03,7.868884635586752968e-03,1.401815636971803086e-02,9.981777392304631326e-04,8.369597627476865059e-03,1.806984650374847748e-02,2.528348901125925322e-02,4.240972477648571708e-03,8.408449470451299576e-03
1.339198150304453123e-03,6.481341828982577083e-04,3.564950809608667323e-03,1.326496655953056727e-02,1.035361560784894917e-03,8.075051414810643924e-03,9.853349061154571820e-03,2.133513224306374245e-02,4.448742826420063780e-03,2.991004987723700978e-02
1.497903395912503384e-03,2.716446771759168256e-04,1.412824178206528204e-02,1.081888723695265467e-02,8.446279897862543976e-04,6.159687093739573890e-03,2.588556034502338676e-02,1.160703771248331427e-02,5.395167385921578740e-03,5.531146373111704012e-02
1.735108041381861442e-03,1.139240872880961327e-04,3.899728777190559353e-02,8.260661877939992279e-03,7.512370495279408616e-04,5.058631170951573275e-03,8.347027465607803620e-02,1.292408611462982993e-03,4.658139800481178247e-03,5.250361991377362064e-02
1.582338025190089138e-03,4.988609076416923322e-04,6.341118362643172190e-02,7.475961485982163084e-03,1.129183249398620645e-03,9.609665672695982125e-03,1.117349556223438123e-01,3.478861647253850102e-03,2.058512183418850783e-02,3.620283279522625020e-02
9.012115201452827089e-04,8.722659836533454064e-04,7.605992136713764229e-02,1.019334134213226335e-02,1.270691088781157130e-03,1.637535121735148730e-02,9.008916175117118175e-02,5.752324747998985299e-03,3.946936756435973082e-02,3.624866555897013343e-02
4.179182763632517607e-05,1.224655809465577307e-03,7.689977831382707740e-02,1.435278373667486090e-02,2.344137772106459866e-05,1.411322748792602326e-02,4.595137716661210070e-02,1.219802979337528126e-02,5.973150123532817990e-02,4.625267552972615187e-02
1.073813099251287812e-03,1.549451243845697190e-03,6.731008658343329287e-02,1.310671310657510365e-02,1.955282419396806373e-03,6.119594962518844477e-04,7.368178115978877077e-03,2.066964030072909742e-02,7.051896014620639974e-02,3.781267252102019083e-02
2.015329612658067239e-03,1.838165996002750656e-03,4.397650883583430204e-02,2.394362859380425469e-03,2.477121973863244918e-03,1.675980397240766501e-02,1.541655712846012015e-02,2.332752441419871925e-02,5.770101742104268711e-02,1.167526640439373042e-02
2.137518423107302810e-03,2.077791079522949697e-03,8.767722353748419808e-03,1.206042773387058439e-02,9.906783542431732512e-04,2.252037645347922806e-02,1.810358467199815746e-02,1.850546211646967795e-02,2.401265291959375076e-02,3.024078879806173584e-03
1.008274395502660112e-03,2.261648524955727976e-03,2.239853011777542813e-02,2.046189381413048708e-02,7.190851163389046057e-04,1.857233469079452859e-02,8.220683810351396559e-03,1.070792458650195525e-02,9.013476363372956157e-03,3.580648049049602738e-02
2.870445837817042637e-04,2.395849336969590061e-03,3.151820591418059980e-02,2.023287610564409103e-02,1.226975476532164580e-03,1.439892138292196873e-02,1.358680480834273570e-03,3.713733902212526354e-03,2.366990667239627852e-02,8.854079198550454666e-02
2.058936418702679713e-04,2.476799518079826883e-03,1.993182824929535385e-02,1.647436683969065105e-02,5.956573293979363151e-04,1.710402074728250427e-02,2.076436035807002756e-02,5.269017165093850021e-04,2.097769169273675308e-02,1.150519325097491968e-01
1.205475797989512916e-03,2.477253656214487270e-03,7.108549753142206183e-03,1.284495512140083895e-02,6.483218316004556950e-04,2.566044717142872481e-02,6.611999091929884886e-02,4.293144642357906923e-03,9.702236622260490898e-03,9.901106329043762866e-02
2.303270675239771706e-03,2.394326824187306517e-03,5.343766917100257509e-03,8.050896549321907500e-03,1.623082913900083298e-03,3.331626284051916048e-02,1.114565002896431428e-01,1.426046452868992565e-02,6.813639408522574950e-03,7.303809613485726104e-02
1.727545871139690801e-03,2.280765475267167771e-03,7.794776587182885436e-03,9.679595365240100139e-04,1.402506649380496836e-03,3.551055649378056372e-02,1.046024875785686453e-01,2.576099976880922085e-02,2.412026485686621577e-02,7.210547731104148539e-02
7.222825988185800432e-05,2.143350540048263950e-03,4.769346599324856065e-03,6.522575144889788609e-03,5.133236521595288451e-04,3.475594623371212194e-02,3.609459590747104984e-02,3.556737991217565065e-02,2.904394647787092790e-02,8.681696024490627439e-02
1.423157538390908443e-03,1.873462524974693058e-03,8.746749092314118216e-04,1.252792289204344468e-02,3.462090984832652627e-04,3.547086739668227351e-02,3.871529473106533753e-02,4.229743797094875218e-02,1.371242975461111138e-02,8.394009003284209902e-02
1.514072016958760555e-03,1.462149106098622120e-03,1.020399684428947721e-03,1.671239880879028111e-02,7.905384643277960739e-04,3.649372252618298534e-02,5.290417818586719972e-02,4.296838952920511295e-02,9.042853539645848843e-03,5.477544597232945900e-02
1.087991549269408994e-03,1.154080311714738693e-03,1.476811263153035743e-02,1.851380573350073014e-02,6.334539762823580920e-04,3.297422694349012168e-02,3.073330027922179311e-03,3.508778414349191660e-02,1.892987692275750755e-02,1.544211014706721279e-02
9.723117270866231225e-04,9.920954531139425468e-04,3.345315486942284505e-02,1.709160868305878780e-02,1.230431170650389311e-04,2.376932234759872656e-02,7.072700327786261842e-02,2.109162447620961320e-02,1.239447187589166367e-02,2.693352045355611527e-02
1.077909250012093652e-03,4.704199982605026587e-04,4.558925697686940642e-02,1.282150840663036535e-02,4.870338530864906060e-04,1.278061220574031043e-02,8.832633029192571428e-02,6.516222680292212653e-03,7.613144566568660985e-04,7.942795791673307182e-02
1.051001156583934379e-03,5.127565296214726086e-04,4.825632906579539749e-02,6.596206094532449868e-03,2.979496474965803222e-04,3.867879533695695992e-03,4.985303211105293619e-02,5.398178975701966274e-03,9.238479915571405979e-03,1.400891026830949904e-01
9.205040054302942839e-04,7.794843316765935181e-04,4.994211231700251830e-02,1.050474934813031697e-03,1.666470918309966021e-04,2.516248544604906320e-03,1.580580684302894737e-02,1.536149450055158960e-02,1.819360840142248553e-02,1.858653831499099962e-01
8.515092578922951608e-04,4.866177163296658381e-04,5.451906200353745513e-02,8.394420801964768558e-03,2.921651820011983923e-04,7.377311957164566468e-03,8.664109771430243689e-02,2.467356196966761714e-02,2.243392514424764894e-02,1.830679212032496062e-01
8.337525788230076406e-04,1.720218115261100281e-03,4.940079233542595677e-02,1.224368223898991172e-02,4.097455121136549098e-04,9.775555423217386491e-03,1.417566630829752428e-01,3.085101211595571782e-02,1.540615944999203409e-02,1.189789201109878319e-01
7.901051005255577521e-04,8.045407816468186325e-04,2.398669324060900138e-02,1.140959367142111054e-02,4.181859779720229799e-04,7.852218352193058790e-03,1.640117744122667753e-01,2.887774498309977900e-02,6.098506607583567725e-04,3.704573669004468384e-02
7.248852866014708369e-04,1.653664755695900173e-03,5.001785836876630406e-03,9.114253560361778791e-03,4.372229730916123028e-04,3.327927631880369264e-03,1.767379287532040433e-01,1.904574743665938749e-02,1.574929933122194009e-02,1.549341123736491799e-02
6.761163999873458057e-04,3.292298340656895847e-03,8.425186165066074831e-03,9.955690929069692385e-03,5.112794559752685108e-04,9.132139106084011422e-04,2.225978404131166155e-01,1.023724495844613273e-02,2.360411132856971364e-02,7.840586039022097442e-02
6.432598228144603128e-04,3.443379333529381948e-03,1.387385929913411559e-02,1.490752170330321771e-02,5.822498727366784595e-04,1.370958273081005320e-03,2.844365875227388152e-01,1.038565519205180039e-02,2.243239260857067888e-02,1.598371442599841319e-01
6.061850139311022274e-04,3.349702136525295384e-03,3.013173901217578929e-02,2.062701880591265649e-02,6.312466794850498438e-04,4.197537094977480190e-04,2.869590310716099713e-01,1.544970216590207772e-02,1.168820833186161832e-02,1.989875541370298984e-01
5.639269583489303454e-04,3.772001546932812494e-03,2.070697258861105283e-02,2.335772483056408610e-02,6.835103612583217801e-04,7.505349815845882740e-03,2.002756594613390728e-01,1.431755404802311643e-02,1.480041963804338721e-03,2.220059929041020008e-01
5.317084707686958213e-04,4.252943719200045353e-03,1.789096322157831664e-03,2.225228376785145720e-02,7.348717257867648945e-04,1.488408821217468425e-02,8.835393728240414912e-02,5.084971150513878033e-03,1.806961258786058712e-04,2.706895025094596674e-01
5.128724175827619261e-04,4.321267697918299705e-03,5.165141449573017532e-03,1.884124772285028157e-02,7.691270259479077599e-04,1.526156344886416862e-02,2.978326667560381863e-02,1.244255262595868978e-03,2.311138594663677756e-02,3.105610758583910447e-01
4.880715378207905303e-04,4.251622136250303614e-03,6.267821205140851164e-03,1.432567412522220071e-02,8.088696362338519902e-04,8.125028395462063555e-03,3.660292109003372707e-02,3.847161472961378812e-03,5.193055630137737022e-02,2.811324852086878323e-01
4.490825642031978410e-04,4.531653806325879399e-03,1.963115958509663306e-02,8.218334169937956818e-03,8.646580621880380589e-04,6.569406032022069965e-04,7.233578314848973512e-02,1.478631529676765685e-02,6.422774860570987232e-02,1.875325647251225303e-01
4.301770813028520492e-04,4.878712541669278334e-03,3.971455656998142819e-02,8.803453933421614020e-05,8.749640637364675946e-04,6.626595680339838167e-03,9.883233985811734623e-02,1.949938009678072598e-02,5.729526701087027385e-02,8.558132072328920870e-02
4.489422244297110068e-04,4.169519360066561639e-03,3.951925102417388341e-02,9.039975607550536363e-03,8.208583755274996606e-04,1.071871713080491811e-02,8.620679811235514023e-02,1.311176156678404980e-02,4.168814595778304322e-02,1.614420754839860847e-02
4.343251187329638901e-04,1.668889602904655460e-03,8.862631574121777184e-03,1.571890075910430812e-02,8.367520577012847911e-04,1.576670594959871802e-02,3.114317336839616743e-02,1.333008949641633668e-03,2.220565857836789142e-02,1.148093418212532343e-02
3.452758413182225304e-04,2.152242990906958007e-03,2.856316667209030102e-02,1.928281620128224211e-02,9.710646724931610912e-04,2.116938144879326744e-02,2.659998321364539717e-02,7.122554856957258318e-03,2.396707318133256374e-04,7.192933097369947487e-03
3.317858426399486168e-04,6.360817937527509132e-03,4.464998007862591711e-02,2.190670689421802750e-02,9.051080483191836779e-04,2.249355034074053059e-02,5.494608096646490247e-02,9.421001090186308102e-03,1.524862289567116037e-02,3.645349711014204963e-03
4.951254985223154563e-04,1.006114382339526846e-02,3.803437252963184911e-02,2.541736700676662172e-02,2.541834513890064702e-04,1.736142747895981497e-02,7.578333027072911565e-02,7.992482092990100401e-03,1.490969750404663209e-02,4.257896589989554337e-03
4.852675352787970365e-04,1.169509791735679448e-02,2.478902426589137120e-02,2.885352576563253099e-02,9.545304226826440775e-04,1.014993951079742364e-02,1.143313224426948660e-01,2.700874787659695089e-03,1.614275627202919894e-03,2.564458825310943907e-02
2.098859470373331442e-04,9.624009153168085196e-03,1.239813569327384395e-02,3.059176039530009383e-02,2.436327755336047899e-03,7.018005841381656090e-03,1.487482127424277489e-01,8.471757156428833327e-03,1.422121440809715615e-02,2.390390871136307063e-02
1.475365212852712419e-03,4.472786750109827847e-03,2.059545697329738523e-03,3.064425815975971648e-02,3.903244927526272525e-03,6.665708126841559181e-03,1.551761164379987790e-01,2.049154008812974562e-02,2.576829974789066405e-02,2.308434583248448330e-02
2.489769196402692904e-03,7.226879867566004352e-04,1.629262968557320876e-02,2.900205860899528545e-02,4.734870880765168662e-03,1.444468171772501355e-03,1.526225404537053243e-01,2.411326752901398959e-02,2.962834972678150131e-02,8.467888379141595701e-02
2.506786994134954476e-03,3.569217264792863813e-03,2.034014547323963890e-02,2.389747181888072711e-02,4.084676385410357900e-03,1.112810904932830768e-02,1.689346795167933069e-01,1.943272195649113979e-02,2.257161240090936258e-02,1.059081371666377724e-01
1.526711226424338303e-03,3.958726373892666912e-03,9.382534320598609826e-03,1.390918914703998671e-02,2.047332333039384063e-03,2.361437070277949690e-02,2.008268477184003697e-01,1.531427550700556299e-02,6.752835425302701478e-03,7.523807538878884982e-02
2.964570204628068210e-04,2.650723633198797009e-03,9.547210625673156065e-03,6.083140345510520052e-04,8.546292116752405741e-05,2.763847809033204844e-02,2.233097558268808958e-01,1.490321459915451389e-02,6.145747674901945110e-03,3.913937488978656842e-02
3.620124960824083228e-04,5.670960687637628108e-04,2.457833073095426826e-02,1.176286926138046633e-02,5.184468603066289850e-04,2.284211268347628374e-02,2.193999923993297241e-01,1.336539478670922473e-02,4.834157898216879731e-03,4.023540131342561582e-02
3.333000080867614822e-04,5.549011369731891982e-04,2.839846752973320884e-02,1.853164049770879979e-02,1.325053287277082141e-04,1.493289331794160450e-02,2.019855935548593995e-01,9.404530682045331158e-03,6.826371919055004324e-03,7.090841621156634966e-02
1.290720832917651817e-04,4.431032799634224291e-04,2.116882123525334891e-02,1.773325771588015604e-02,4.098627818984349283e-05,8.392336935326507458e-03,1.977648241392026829e-01,7.554600847000122674e-03,1.196710422155387518e-02,1.021321332253919412e-01
9.879250823218932377e-05,1.674584767780506502e-03,7.287877180285616194e-03,1.238805390344027181e-02,2.083152810427927573e-04,2.880425829974267091e-03,1.947813345206721170e-01,8.379174903341847155e-03,1.042554028674875632e-04,1.208078636097877079e-01
1.408647299906565307e-04,4.250452621566436500e-04,9.861525725024581496e-03,7.614032112516797707e-03,2.263576010912444884e-05,3.922513343988187628e-03,1.495957226502935555e-01,5.504488889253478234e-03,2.073947860175352764e-02,1.172747615594319920e-01
1.055245241938915419e-04,6.213994655451743690e-03,2.855838655855122074e-02,4.873024309023000870e-03,8.430642002319919340e-04,1.105473148598201151e-02,7.332205184841851520e-02,4.479429935486773165e-03,3.309369727831144858e-02,7.488719555984038601e-02
3.384239465546666470e-05,1.119555609263440422e-02,4.226629068906812003e-02,2.901976019291072767e-03,1.386902256918857686e-03,1.472001133702098390e-02,3.737871404130289898e-02,1.487600783836525928e-02,2.710893352670244727e-02,7.584750773854105708e-04
3.977824586942912299e-06,1.102656262818250445e-02,3.776204051972287257e-02,3.803135866061595725e-03,9.089579138396191617e-04,1.453174770229632463e-02,6.328664027416103233e-02,1.716913848593440428e-02,7.833855507004161556e-03,6.284677229783765251e-02
2.560975016740401711e-05,6.781973952167400649e-03,1.079597411800921336e-02,1.108136784685739319e-02,1.041939312909140791e-04,1.455370301452220232e-02,9.529354346609567039e-02,1.330795658160009720e-02,1.090153322580165486e-02,8.384845696383605440e-02
6.318147372019774339e-05,2.933724110699507687e-03,1.780614457493628899e-02,2.123932175555485677e-02,1.273183626532730154e-04,1.669587271888847008e-02,9.844881592080777233e-02,1.186682523198692545e-02,1.909976087221224375e-02,7.569321806459547441e-02
1.075449966469994932e-04,1.489042345638597921e-03,1.867193424437458421e-02,2.560938564361427139e-02,6.818990688084391961e-05,1.814053070667638254e-02,8.799843821144477662e-02,1.389180145938713647e-02,1.858343287614610401e-02,6.881859472978527070e-02
1.428771975104115033e-04,8.786503255675824674e-04,9.862802191153289752e-03,2.163628187344661738e-02,1.067877799966062910e-04,1.637782023871922968e-02,6.926725541942051201e-02,1.323541234839930789e-02,1.727445173617733754e-02,6.812870084550375072e-02
1.732275047044254423e-04,7.154609955462216432e-04,4.047316241875496823e-02,1.489058879176899212e-02,7.911317305012613541e-05,1.212712280082729049e-02,4.236790865133547440e-02,9.883611789491724212e-03,1.640584765181896457e-02,6.171762665201455111e-02
2.046446574895083683e-04,3.619150699137988619e-03,5.564897624361291734e-02,9.546341524493660163e-03,2.256597322291507282e-04,7.391671856829820468e-03,3.480408245662706263e-02,9.921919205806565764e-03,1.014021812445226566e-02,5.874670814474531461e-02
2.324761386896434978e-04,7.222316540403519135e-03,6.261054314071194671e-02,4.255917269203299096e-03,2.722919119605809709e-04,4.907287646228884401e-03,4.761416378533248062e-02,1.308738686052800596e-02,2.344858543536975856e-04,8.901705007439596196e-02
2.539148597395819848e-04,1.065397969230858985e-02,6.094215446945566717e-02,1.404210919662278109e-03,3.652088054604204245e-04,7.904557245983266298e-03,2.645115466330286158e-02,1.407424534511410828e-02,1.672544883467760521e-03,1.572114918419700857e-01
2.743882974693403684e-04,1.345273972781650500e-02,2.915246215827023771e-02,3.043878116353352162e-03,5.891641519614915527e-04,1.552909409358052550e-02,3.965109424637461299e-02,1.409049743359536665e-02,1.388925361267106216e-02,2.185287050586887658e-01
2.925798263396126812e-04,1.526565849271562837e-02,3.496861253020253080e-02,2.914779281257001350e-03,7.956781317058361997e-04,2.042167244353045724e-02,6.704760960261819946e-02,1.803959322610016944e-02,3.598337436618252033e-02,2.230649505308086589e-01
2.964584686095228625e-04,1.475758067858817628e-02,9.134863252779525100e-02,1.378899191295041710e-02,5.618232227837089386e-04,1.639657550906463424e-02,2.253743332062152840e-03,2.373867570962365225e-02,4.679467500563165572e-02,1.801411978407216341e-01
2.898885286783062384e-04,1.130627052239016606e-02,1.003630382140577038e-01,2.374259201495759405e-02,5.772995498571466613e-04,7.158905606481804143e-03,8.099882433796228021e-02,2.472669317592780108e-02,3.962965601254545001e-02,1.490210804067864658e-01
2.970757999621177043e-04,7.627633072802200882e-03,6.574802956451712699e-02,2.932766906414571717e-02,2.569951364832738245e-03,1.432821479417252346e-03,8.995874538103978968e-02,1.973221271967554730e-02,2.108780255569065593e-02,1.569394119525592268e-01
3.083101739589662717e-04,6.700681649811882253e-03,1.941766418474343697e-02,2.960856586084788244e-02,4.642495587972818825e-03,4.550221755453957330e-04,4.557664665021930045e-02,1.208496386887507150e-02,2.260368896589160133e-03,1.632799669624974137e-01
2.713269161396805133e-04,6.660774385127183131e-03,1.382466303655182499e-02,2.429047902994392258e-02,5.988604089106867520e-03,2.396958684136190655e-03,2.514168509282392952e-02,4.054541972679784854e-03,9.334823034837879882e-03,1.300456010566194420e-01
2.058655947305688104e-04,3.427895436075321066e-03,2.779908832724953954e-02,1.480415351429513471e-02,6.432442274603639328e-03,9.339542021829136745e-03,3.197260556107446583e-02,3.276177165753774330e-03,1.550037491902946790e-02,8.818206397920738682e-02
2.241776404248517322e-04,2.558683751242386405e-03,3.149397285090364818e-02,4.736349612005025592e-03,6.241828741348248895e-03,1.386093476412408182e-02,3.674740380254747519e-03,7.658426028293094726e-03,2.385105278066664003e-02,8.914966722489853224e-02
2.874219164490877314e-04,6.707752867780570477e-03,3.824503150868517609e-02,3.111992103658765656e-03,5.760467638904912500e-03,1.100565378448546336e-02,8.575475332318938104e-02,6.609407006877378310e-03,3.443160620401233829e-02,1.184419174124900775e-01
1.531030174146564963e-04,6.150470684319213170e-03,4.602783098741468348e-02,8.084997184595668629e-03,5.120162251995812389e-03,4.806462177841457767e-03,1.943946649961088291e-01,2.363949036738276221e-05,3.693210062894414919e-02,1.140633112095654489e-01
1.101946638306050644e-04,1.601647735606198664e-03,3.496883539757127124e-02,9.436318983741229932e-03,3.966033123210311630e-03,2.253799227359761133e-03,2.567631867811413504e-01,9.500814507066569076e-03,2.512249451220496116e-02,6.043304446857516998e-02
6.119530333548905054e-05,4.954419496116412545e-03,2.829419881581566546e-03,5.977257479519116831e-03,2.225461197781032196e-03,5.603878569477874216e-03,2.219956855033988763e-01,1.957272827109309693e-02,5.371814207662317826e-03,1.409241192785922955e-03
7.909220941465968779e-04,1.093719677979312389e-02,4.257942379258036064e-02,8.659523533892064806e-04,1.191789195480534493e-03,1.340271612602921686e-02,8.631063944387466769e-02,3.002192991615316650e-02,1.090636237744833405e-02,4.190276007443276968e-02
1.209851223072062843e-03,1.309918251453724702e-02,5.285216290458318728e-02,6.400366240087819632e-03,2.127751058521377189e-03,2.297132625913810011e-02,7.558790565576581355e-02,3.999395276893941836e-02,1.600975536685314213e-02,9.445520868074368248e-02
6.803743777763057634e-04,1.067755127661628931e-02,3.365437812004837964e-02,6.410211745951195639e-03,3.624557246763808211e-03,2.851129936645879076e-02,1.465743359194574824e-01,4.527583380308729949e-02,8.975688362308021154e-03,1.523416462301126206e-01
1.586485618063630983e-04,7.464498512216510492e-03,1.093825363468864387e-02,2.533584158377045711e-04,2.689327613788390810e-03,2.322560388494319256e-02,7.065910176221372463e-02,4.201052480576875775e-02,5.127438398669401098e-03,1.597289991690254152e-01
4.368275689407609690e-04,6.362000135380008886e-03,8.933591304934333701e-04,9.281553648558850400e-03,9.606114331465089983e-04,7.991711949173533475e-03,9.251544552301076141e-02,3.095610062255846340e-02,2.055101090265965685e-02,9.415110659869828369e-02
2.763799308360586683e-04,3.827066205189417168e-03,1.078673960411403315e-02,1.703809318115960883e-02,4.182004306519060584e-03,6.857347647440571389e-03,2.268624404355277235e-01,1.594903615375407521e-02,3.295946105915378149e-02,1.610188608930428894e-02
2.396719659218302079e-04,4.388847516124737107e-03,2.439732910756231554e-02,1.775775312546485490e-02,4.863416290270614582e-03,1.252079185951025450e-02,2.616821731801698414e-01,1.621711909123489670e-03,3.363302379767513228e-02,5.305140129520031708e-03
3.947132250830903905e-04,1.502137886127654677e-02,2.662364217352257770e-02,1.086764242248182584e-02,4.543945822583037031e-03,1.091431386811194705e-02,2.164586672483658214e-01,6.717457574468013552e-03,1.277544787324686945e-02,2.303282438164780052e-02
4.984991155915851442e-04,2.208057837496790049e-02,3.789587919864109439e-03,2.102772469791243382e-03,5.167794047735953938e-03,9.436547853062353386e-03,1.544467701881586108e-01,6.812670778213472667e-03,2.321555833865708574e-02,4.699614000449629792e-02
5.104717469775408830e-04,2.593068988520420837e-02,2.853678961489934315e-02,2.482901744014522766e-03,5.632228522913951263e-03,1.052904567051420569e-02,1.011624853458309575e-01,4.636916991194870580e-03,4.902480216714633077e-02,4.961663198717835427e-02
5.414433042424748139e-04,2.997877954286521859e-02,3.757214574769972282e-02,2.029465394237177887e-03,4.036017073670684387e-03,1.192854088883887886e-02,3.868303391838201488e-02,9.384961087605650856e-03,4.592153147611134634e-02,5.573203760920422689e-02
6.128325184505330507e-04,3.279417463664793808e-02,1.258812659645072371e-02,1.243590435047244470e-03,1.710760877204781875e-03,1.435412955915757287e-02,1.973158124730647889e-02,2.081290448880987118e-02,2.342303019915562001e-02,6.764837028367765015e-02
6.740950322832678452e-04,3.082780598039297840e-02,2.089639497747870084e-02,5.176571285491388813e-03,1.540289561933119418e-03,2.090904353808232391e-02,2.243289856409136709e-02,2.809311594024855446e-02,5.267143208980832811e-03,5.831678429335686309e-02
7.111486443728276541e-04,2.496369336176877674e-02,3.083665569252534711e-02,6.805654676461496584e-03,3.066176240721373274e-03,2.880387144689432188e-02,3.117050504431921609e-02,2.428612057659881515e-02,1.688129663252299455e-03,3.082911429146358365e-02
7.441698453061239629e-04,1.833494579828165438e-02,1.355151109726528830e-02,3.438476198483949101e-03,3.367538877267477193e-03,3.003633584638272860e-02,7.992328752907587597e-02,1.534764002974429303e-02,9.971965570355689062e-03,2.454711149796200489e-02
7.866101136525649852e-04,1.109773990671477500e-02,9.899403685690404825e-03,3.190324506641469687e-03,2.425614914642393923e-03,2.301379369229267918e-02,9.907492681399975021e-02,1.112370402431377657e-02,2.327471198239707689e-02,4.837782932567494948e-02
8.362262608827915247e-04,2.526205750373150885e-03,2.409031792654717577e-02,7.464730749589873829e-03,3.103318035763918178e-03,1.639685754280692173e-02,1.173446406961458077e-01,1.348299450701673403e-02,2.737649815166226172e-02,5.854712651898637266e-02
8.729605577285051883e-04,4.487671758554476545e-03,3.000467377863080126e-02,5.897510397226147713e-03,5.912521753436250464e-03,1.752529410915554253e-02,1.324700140636955181e-01,1.770450367231386074e-02,1.722013775217927367e-02,2.324428104217581698e-02
8.828330224231707105e-04,6.245689578603189247e-03,3.012115764206452911e-02,1.183087595345952859e-04,8.192757273884392760e-03,2.287413304079910850e-02,1.106195414936770316e-01,2.063507537883827944e-02,9.520171960385535870e-03,3.089869727610074224e-02
9.049992958994954170e-04,4.262365975554302869e-03,2.128377334503615131e-02,6.658911617363720906e-03,8.528451217530404541e-03,2.400143718517514652e-02,7.050808585679997631e-02,2.244919934034019654e-02,1.581547684941482512e-02,6.422085084496487184e-02
9.801881458863740543e-04,3.809725093027098095e-03,2.706561323304773267e-03,1.368123063468460951e-02,8.292471964306441165e-03,1.805987971238668180e-02,6.973827383573064087e-02,2.350365780475464905e-02,2.551899800592072678e-02,8.448820281604975391e-02
1.029039163545545201e-03,6.993118912680292877e-03,1.954368285444128828e-02,2.159281636130459814e-02,8.760125733326015046e-03,8.750752598023972886e-03,1.052131053532957827e-01,2.357970302265233187e-02,2.824555528990298561e-02,1.245965165032800054e-01
9.594315762472772815e-04,1.157649164361721286e-02,3.424436217641218388e-02,2.895296503179800932e-02,9.493853822997541658e-03,9.650054224752838226e-04,1.163651156693039923e-01,2.194883063917086805e-02,3.041339589855585057e-02,1.772409584445759911e-01
9.410418947024854841e-04,1.603535294276505277e-02,2.900697728302085998e-02,3.259572053874967845e-02,9.818999700905634009e-03,2.205867415463433866e-03,8.851088533231862843e-02,1.616032898418820474e-02,3.706349165587956296e-02,1.945141306403949666e-01
1.189888426283276096e-03,2.016870139568261930e-02,6.462422434772726286e-04,3.166360166373047985e-02,1.008384453420033307e-02,4.067567874028988305e-05,7.408236232060053106e-02,4.443091122295323749e-03,3.896349174586180575e-02,1.553354750028796416e-01
1.320220364437097891e-03,2.052833046956538399e-02,3.611565114858604486e-02,2.913181261468322791e-02,1.083980013308148867e-02,5.267146057625553962e-03,1.139858989684269519e-01,8.836597498609219739e-03,3.118235443306253962e-02,9.900020906121918818e-02
5.737256154218923479e-04,1.273256303462783415e-02,5.740783555148965683e-02,2.836305554448456320e-02,1.157505710955963017e-02,9.595444665619177679e-03,2.002598633724428090e-01,1.444256211456182958e-02,2.582101308304956752e-02,7.564045487241814747e-02
8.707880291444936201e-04,3.505229056456288326e-04,5.062898564972179161e-02,2.935532569776552400e-02,1.117633837996297001e-02,1.033102132119948467e-02,3.012415551548134895e-01,7.502030316637292584e-03,3.441826294911209949e-02,8.636652149036602721e-02
1.618362421720094318e-03,6.201902753482260548e-03,2.263261059545241399e-02,2.993745673238847743e-02,9.460154159615766917e-03,8.823526956928673393e-03,3.717591446635858388e-01,7.667856293106282105e-03,5.320734535747482369e-02,9.488331388496365482e-02
7.874845445082738352e-04,2.007535142818264555e-03,1.383137714510453489e-02,3.048023595654127116e-02,7.055542649925765700e-03,7.531719026325496558e-03,3.631020222307248524e-01,2.340821904814412158e-02,7.380164627061795712e-02,8.111244002708380141e-02
7.319473647050921258e-04,7.737867399012380264e-03,5.426866966447656954e-02,3.421407686297663064e-02,3.951846584187741762e-03,4.673721109620136357e-03,2.723766354872772522e-01,3.588821968046739669e-02,9.282229648079208528e-02,5.412152809406005349e-02
1.530146602797525677e-03,1.602160009148765815e-02,9.297724307232145546e-02,4.011346860053232460e-02,1.883411223479822955e-04,4.545675632186461923e-03,1.586751972429046864e-01,4.434362395925595113e-02,1.035722470232991466e-01,2.399495647448084482e-02
1.466530346137022217e-03,2.062790793086573607e-02,1.077581089152123001e-01,3.942538132960712871e-02,4.573688942077223756e-03,2.011957491125777875e-02,7.377148965211155485e-02,4.687469762322793443e-02,9.417177053585526481e-02,3.831275527890181526e-03
1.349930064967394582e-03,2.263458876919147850e-02,7.759399267664447708e-02,2.586078077044446852e-02,7.810370112307680156e-03,3.496545370300456479e-02,1.735273618184496325e-02,4.170612173285506014e-02,6.443415125401924515e-02,1.147983862647636126e-02
1.478387546637088519e-03,2.325664442770866008e-02,1.654832007803902494e-02,6.590976312750842711e-03,9.422693647256249680e-03,4.239402014245107625e-02,6.844672422132751927e-03,3.109277716951990012e-02,3.192837620636422569e-02,1.667167970065806804e-02
1.518698590168160835e-03,2.255137168184350588e-02,3.391511228361367147e-02,5.009901232876608386e-03,9.787639151903294518e-03,4.225085585121485937e-02,3.486781992680598047e-02,1.966388959262908853e-02,1.133520832499245595e-02,6.393279526112471967e-02
1.492119415051185345e-03,2.004646620088310072e-02,4.910518605641896878e-02,5.425781004575241408e-03,9.171758424520063541e-03,3.815009900301061241e-02,1.164839795100286041e-01,1.024832220298045951e-02,6.156528345101558095e-04,1.018116538712118130e-01
1.763620301664830517e-03,1.696216653179046657e-02,3.614597958283026491e-02,1.376120762069291126e-03,7.370615810882120630e-03,3.219503928861817965e-02,1.189139498019042007e-01,3.696980653831602459e-03,3.082146400319420859e-03,1.293267211252455973e-01
1.989596114474607904e-03,1.507731139284410743e-02,7.554943316221322293e-03,2.844371006120222870e-03,4.366753416854662895e-03,2.476724194740853591e-02,2.761511562913298787e-02,5.937430588812495774e-04,7.821410157488970644e-03,1.491139930951797810e-01
1.217792437482479373e-03,1.167167618054209752e-02,3.209766075741039837e-02,8.059482642459250487e-03,1.638451637001574722e-03,1.712250819097475146e-02,2.333232199670898233e-01,5.480245158689149403e-03,2.986030894058540330e-02,1.313223185347044686e-01
5.979395737101799715e-04,1.395801770436634962e-03,6.852100904724509056e-02,1.144188706468315074e-02,1.826807436446092328e-03,1.147024114032125022e-02,3.652342788072525104e-01,1.332933417875124468e-02,3.370213182008818115e-02,6.220113616583515526e-02
2.341431544806599294e-03,1.401171131311821499e-02,7.445248575271148916e-02,5.794850932115416797e-03,5.656585476856992693e-03,9.192096560534983307e-03,4.115470382541329686e-01,2.205416130261324617e-02,4.273647724653661939e-03,3.561741193169819762e-03
3.303135559067057418e-03,2.544557631184125174e-02,4.110713975059276243e-02,1.038903453970071479e-02,1.018289381191362850e-02,1.050575521382494590e-02,4.515423706308669960e-01,2.677547890677358169e-02,6.628801129349873311e-02,9.860544273559352854e-03
3.708821856233195189e-03,2.833980504191330185e-02,2.408528614694743948e-03,2.961147416941001947e-02,1.180199463104936695e-02,1.511628475568576289e-02,5.214971740595667482e-01,2.420016885462984713e-02,1.117057061935856632e-01,1.214671865650325533e-02
3.785500334218853784e-03,2.617503987615089900e-02,1.869645648559130000e-02,4.349314463991391794e-02,1.005727082601683489e-02,2.166206713518636570e-02,5.840900730882425673e-01,1.470272185323989386e-02,1.207499337993413191e-01,1.159399197081808011e-02
3.840830547833871955e-03,2.175554022268975929e-02,3.716693435809911676e-03,4.933924352773918359e-02,7.108034214095836599e-03,2.722578986030494211e-02,5.920036693443365694e-01,3.445218804148325945e-03,1.023856712977323918e-01,9.256520796856304578e-02
4.651813905104582730e-03,1.580879392685325194e-02,1.483495898622178184e-02,4.944553941006699788e-02,4.954232122003040736e-03,2.910593143555430945e-02,5.310649539902169147e-01,1.854243809736577479e-03,7.510839689713090517e-02,1.716603671618146254e-01
6.063939195827454040e-03,1.338024344243773402e-02,1.625651991971365298e-02,4.734890821773714981e-02,4.575847735280852771e-03,2.637724203566463310e-02,4.201083255643301428e-01,9.375066011562576459e-04,5.554119625182709491e-02,1.944967693298136902e-01
6.175089934705849971e-03,1.958398533853169046e-02,1.000375655190976869e-02,4.384475264551551676e-02,5.915227643283249917e-03,1.907462697455805309e-02,2.952804090099862000e-01,4.800815981201178410e-03,4.990925258126902020e-02,1.589495671272940780e-01
3.630008989956464132e-03,2.935307888445104832e-02,1.489782140033254522e-02,3.709803537175082599e-02,7.371591607904879467e-03,8.373984020040265569e-03,1.901600886973041638e-01,2.228702089122730837e-03,4.823472578162283503e-02,1.074714089816386636e-01
1.636017279671737727e-04,3.122725235901563368e-02,2.593754003398545879e-02,2.795682514646806102e-02,7.130256973331797719e-03,2.287025251661781080e-03,1.177074131817882341e-01,6.219775598604382512e-03,4.019935388342142646e-02,9.394516729814676725e-02
2.446527438811090752e-03,2.098703077820299537e-02,2.090041565512910926e-02,2.073159734629679771e-02,5.535636195959011199e-03,1.049026254553001719e-02,5.931691908533477664e-02,1.498564796801674093e-02,3.157834584297242869e-02,1.368568321435308932e-01
2.077347182534646040e-03,5.041740369388354390e-03,1.541830849083671972e-03,1.651885364088655911e-02,4.115310871709959920e-03,1.865429955484566860e-02,2.400203828508510467e-02,2.081335526233718536e-02,2.786644834610612839e-02,1.933669890294162086e-01
3.358674115614390101e-04,8.647843462162265599e-03,1.761107760943822487e-02,1.179461001046214902e-02,2.630796864861247638e-03,2.900092119177747133e-02,1.440982535738942194e-01,2.473065679113942844e-02,1.582393135067567541e-02,2.026408726575114339e-01
6.375676204238668121e-04,1.712262416261905312e-02,1.678967658506380634e-02,5.856451551954740091e-03,2.097818128395480871e-05,3.658748992246814435e-02,2.492455709174262179e-01,2.981220750692062729e-02,1.383806103954384262e-02,1.519086246031098597e-01
2.444600773766889869e-04,1.972912693877604609e-02,1.256201280826367735e-02,3.490406849212817405e-03,2.375188221727497773e-03,3.493460834476149607e-02,2.715767409523339171e-01,3.758070192081083838e-02,3.964556826895508646e-02,6.914974826974261413e-02
2.105563818141043594e-03,1.605075427968008159e-02,1.018552822023174008e-02,8.101008343742889875e-03,1.402842344427611930e-03,2.640356419026787180e-02,2.092863151712177350e-01,4.432457858520066213e-02,3.470600516432979787e-02,2.805833487219928923e-02
2.859863379138093999e-03,9.967896664446800059e-03,1.420353404361915980e-03,1.718818690285814355e-02,2.858572053328889244e-03,1.862171655843326140e-02,1.138353190361696826e-01,4.153789290668073730e-02,7.447219480480249051e-03,1.247753969957893089e-01
1.566304703163717274e-03,8.092751678219028272e-03,3.697133247177287769e-03,2.591940264677196001e-02,6.984895472957813184e-03,1.328865438157175727e-02,1.015661650265881413e-02,2.294181970265319129e-02,1.367762351982852384e-02,1.732100041813937619e-01
1.921475204807944655e-05,8.639532168669725870e-03,1.881528944793877875e-02,3.099443011056261105e-02,8.712600208707458466e-03,6.541175118557682536e-03,9.823039738818735434e-02,7.551213292457441273e-03,2.541693036002288034e-02,1.329669753424369272e-01
3.767166285177597860e-04,1.817361562935653797e-05,6.398473561652290309e-02,3.064377563410283431e-02,8.955594459290817932e-03,2.824710320265061674e-03,1.678301677399778313e-01,3.662993736371585735e-02,4.605276335720407538e-02,3.740930264607972289e-02
1.936672236170695156e-03,2.233152360995383640e-02,9.639459583473133919e-02,2.483872201376920164e-02,9.444662775691075110e-03,1.201970595051078151e-02,1.546983931026658377e-01,5.318719322625279494e-02,7.311628645815981820e-02,4.224537897513881701e-02
1.741743569122415018e-03,4.433580611096717833e-02,9.571140494827128087e-02,1.601446123991923098e-02,1.078503412973122640e-02,1.758282920272439057e-02,9.529083442006462679e-02,5.788519094456903713e-02,7.991059219652241197e-02,8.638931951106937346e-02
4.391739673158103559e-04,4.887136968363832434e-02,7.377913228040838822e-02,6.936449806053253571e-03,1.239083272606881364e-02,1.637178871700676122e-02,5.716121679416089063e-02,5.838607314098924472e-02,5.846229286579078532e-02,1.206929832671081171e-01
1.697557028472633468e-03,3.756802640770509627e-02,4.792006236783210443e-02,2.098289433692573317e-03,1.262798802440276251e-02,7.875269324563310969e-03,3.947250869419806352e-02,5.915573474414907024e-02,3.661150163826164261e-02,1.470562817836081615e-01
1.043176631522118279e-03,2.685251901425968549e-02,2.365078319511283028e-02,1.156946773435726071e-02,9.834420637272495158e-03,2.768854864599680759e-03,6.047224042675745231e-04,5.984885030241420684e-02,3.942792293543258969e-02,1.518769992112239675e-01
9.952677733032740462e-04,2.452439636821071578e-02,4.399548249072904316e-03,1.818404228266858741e-02,4.096866334839515712e-03,9.262388291726677408e-03,5.917433003972116107e-02,5.817570068750055334e-02,5.603967918762726291e-02,1.581014221513711848e-01
2.821336263221697286e-03,2.291059124606108569e-02,1.375890467342932855e-03,1.589652064729009037e-02,2.970271741476649633e-03,1.190045527891816536e-02,8.198213369466778033e-02,5.178926284046860701e-02,6.123570272395211650e-02,1.976812493149782413e-01
4.071233036347337089e-03,1.488902037292396535e-02,9.829064615364792312e-03,4.185159440809858161e-03,9.897432455240927698e-03,1.528741355622805116e-02,3.186931711709430765e-02,4.296829163434521398e-02,5.011032604932330603e-02,2.470435887236824279e-01
2.528939274424216437e-03,3.817497409085426549e-03,2.689905398592395969e-02,8.376630690916595998e-03,1.513013529270893463e-02,1.922783453067603704e-02,6.220056635789843885e-02,3.931073776104469786e-02,3.272154019245041012e-02,2.524144768187291388e-01
4.349433034631418490e-04,3.593982078018921958e-03,3.303176470222063399e-02,1.297997524619756357e-02,1.616325460189261057e-02,1.870400840036124876e-02,1.266981541887924889e-01,4.282121570460441229e-02,1.204577003709154069e-02,2.175654861152665209e-01
1.915008953581867710e-03,4.194701106321085948e-03,2.448487119770880599e-02,1.038946855500945919e-02,1.179031756765602963e-02,1.308333634901630120e-02,1.185512741904219541e-01,4.372955434564750749e-02,1.334091212708473501e-02,2.073063239807607094e-01
1.057917226764171041e-03,1.052573493799584779e-03,1.263444892363489724e-02,8.157051649756075565e-03,5.107996656478400350e-03,8.878717359030596432e-03,5.707832818051575968e-02,3.297383382882463493e-02,3.609017004169035731e-02,2.449638994814133663e-01
3.527293711134013793e-04,5.468555927060438776e-03,5.485300241205606081e-03,9.890791614952852001e-03,1.610062763913800050e-03,1.183661314620288764e-02,2.191654804410759008e-02,1.427458319391082878e-02,4.547060279046831466e-02,2.674838480136997876e-01
3.325244194652607062e-04,2.614406785451182502e-04,2.137720116696738282e-03,1.112679382808114993e-02,3.814229833596259438e-03,2.074376324976031152e-02,9.166640067065075226e-02,3.537498648938756061e-03,4.157189415915179403e-02,2.231840814769779080e-01
9.661690567765584018e-04,1.539551765941428278e-02,1.411990929738458911e-02,6.267139369827386293e-03,9.286178634991728437e-03,2.926787082123517847e-02,1.099535254543913126e-01,1.740894190677076334e-02,3.493340491855411595e-02,1.495299239359898502e-01
1.913788689939780472e-03,2.571019468515967077e-02,2.158713052178402175e-02,3.533182558479160216e-03,1.352781628200565821e-02,2.987141625557027461e-02,4.093857205419434986e-02,2.414454888544257521e-02,3.401501477817377161e-02,9.873347361282852619e-02
1.837028060770423731e-03,2.153136308904511284e-02,1.736119168039353469e-02,1.175253961013331995e-02,1.364078109469985846e-02,1.819819752551882219e-02,8.020783516747599651e-02,1.476086729693438376e-02,3.934608819418868031e-02,5.804171302162627888e-02
1.518762169232188266e-03,1.240193221029251003e-02,1.105314390755664927e-02,1.411638765220261764e-02,1.021026213928476201e-02,1.977340963321211169e-03,1.625004270917495275e-01,1.132773878521677047e-02,4.731695532763265100e-02,1.176825982464955837e-02
1.576036753023692723e-03,1.396404154599330955e-02,1.613520709124951699e-02,1.248591239168926267e-02,6.485265097739824521e-03,2.214375796582316799e-02,1.539689450886311262e-01,3.557035711195929290e-02,5.124503518578146788e-02,5.079783623728796951e-03
1.694675351331473550e-03,2.623582536872974894e-02,3.019650670456563990e-02,1.187753513715114964e-02,5.028359326567156604e-03,3.870724219785598441e-02,7.895655974179718872e-02,3.800833796082787180e-02,4.226362072891833715e-02,6.350017686677039697e-02
1.551164836243792804e-03,3.628134320999409218e-02,4.130275233725547862e-02,1.535896784035358301e-02,5.549417052327611927e-03,5.185034700634963412e-02,1.541469185734671565e-02,1.942265925414562652e-02,2.090598036960162470e-02,1.209708587045511957e-01
1.483646027564807348e-03,3.913700997551032568e-02,4.688949149547616546e-02,2.213379664092581661e-02,6.657593143905998073e-03,5.720816419229882849e-02,1.064252460450037657e-01,3.900396967251336736e-03,3.859356119876873603e-03,1.113243464726835219e-01
1.760615580368608303e-03,4.337670849013683383e-02,5.168120922404484396e-02,2.954056815687725393e-02,8.273283920111269493e-03,4.948701155194588919e-02,2.000202442819430937e-01,2.045013286509019673e-02,6.592801924390047710e-03,6.181808426936655915e-02
1.767067988981011872e-03,5.487148448857462335e-02,5.193257961440532477e-02,3.547988869305988835e-02,1.103238282389552675e-02,3.172342800951801628e-02,3.075948802527436743e-01,3.039102880016603808e-02,2.336150335451850357e-02,2.428518774674524178e-02
8.211486003520893908e-04,6.738392865321987668e-02,3.903390328715836133e-02,3.897199088175174603e-02,1.427903084480566277e-02,1.255660999679325193e-02,3.868135751206087103e-01,3.781529487803775291e-02,3.429542941296022385e-02,9.892410452432040535e-03
4.276557895605911539e-04,7.372129730205287390e-02,1.697494771479294423e-02,3.983927282053015273e-02,1.609303746121297854e-02,2.271666189759069879e-03,3.368686144770554058e-01,4.455013353836604489e-02,2.706655481883986705e-02,6.429796079966276778e-02
5.826333030990839615e-04,7.453246999473049639e-02,1.597149250892778306e-03,3.819386440947248468e-02,1.545275710618252904e-02,1.147974006317568386e-02,1.401745967212909560e-01,5.033985367315266246e-02,5.499851087903733816e-03,1.240819496948066814e-01
5.882114285708222191e-04,6.995263230407836041e-02,1.546632723889393955e-02,3.380020474520010337e-02,1.323269489072685483e-02,1.607646598136169488e-02,5.056530853816421089e-02,5.325061941512612002e-02,1.672285558797450070e-02,1.765801801530206827e-01
1.878547890403680851e-03,5.476051107822413333e-02,3.255641678394028543e-02,2.625936016799207753e-02,1.048460693689982556e-02,1.823357849970609623e-02,9.066303565902747441e-02,5.113106830401809716e-02,2.674506468331797754e-02,2.369746580725560492e-01
2.017769054181987008e-03,2.941697384097756787e-02,4.868224758320573858e-02,1.597059960916363472e-02,7.239086132149394337e-03,1.935541012208421771e-02,3.322213165557985626e-02,4.693326971393289859e-02,2.057258141951234451e-02,3.068085106455147315e-01
6.847733620897310941e-04,4.954726931582729803e-03,4.756637453884383221e-02,4.783766510791638213e-03,3.779300207548037978e-03,1.838876801520356735e-02,1.416091973681593910e-02,4.785374278934372699e-02,1.543627725186006404e-03,3.660218685055152688e-01
1.250758618970394288e-03,8.956823020771744609e-03,2.481238525152061614e-02,4.501756441643960105e-03,8.344395395731328893e-04,1.265890694319003230e-02,4.634165811819884045e-02,5.352749117789761674e-02,2.584366640427375461e-02,4.023798873353197636e-01
2.377596754600559172e-03,1.141983753104277091e-02,3.355470705025832574e-03,9.819763115595764313e-03,2.394447980594371830e-03,3.158218140545619159e-04,6.003536975768030554e-02,5.210208006264465536e-02,5.280714818749025763e-02,3.936999713518257726e-01
2.180683619661508404e-03,4.500543581561243685e-03,2.144423107746829330e-02,1.059476611124434905e-02,7.606506282287857010e-03,1.619865065171178717e-02,5.382298109091988858e-02,3.545529018068203225e-02,6.186359398865297343e-02,3.016353635132251743e-01
1.321952190869892744e-03,9.129808562364508800e-03,3.261321192852410789e-02,7.131826699404393739e-03,1.424404570051240708e-02,2.949686214605366091e-02,7.574124866645358389e-02,1.113763058708913851e-02,3.984189783352078823e-02,1.444868049613717009e-01
3.817557384542112522e-04,2.210409386178827096e-02,4.525536492991296539e-02,1.682345677840152518e-03,1.992166255593043334e-02,3.417009756507297796e-02,1.105822343667358099e-01,7.126421011207570433e-03,4.423880377643104114e-03,1.501056370446115021e-02
5.428604165938942993e-04,2.641646195490362017e-02,5.381559391283604471e-02,9.878962112583704325e-04,2.352639836791476854e-02,3.230100329984836316e-02,8.479439486361239897e-02,1.254266986794568342e-02,4.411346561483418804e-02,2.719304378940447242e-02
1.177969013952249793e-03,2.373816343610619592e-02,4.858047311909710619e-02,1.895277643964541313e-03,2.502508885867080896e-02,2.839381619002114346e-02,2.391490964749837592e-02,6.679984105310210127e-03,5.594593378368931114e-02,1.583058465000584253e-02
1.243945830099034639e-03,2.467863254559921407e-02,3.358403517815485712e-02,7.575263348686618256e-03,2.405278149467755117e-02,2.606197631803439455e-02,1.273146869954847049e-01,1.378363697418349271e-04,3.823072353843180032e-02,8.875238876409431710e-03
1.008486097838869012e-03,3.541496534742508140e-02,1.818954797305460946e-02,1.168450541956376869e-02,2.141598053536073257e-02,3.198503227325335402e-02,1.082703949383514025e-01,9.769002417735241084e-03,1.398734521118759344e-02,2.685418112828390214e-02
8.938781582819711573e-04,4.773020743520055287e-02,2.472417440044054771e-03,1.231652143336174621e-02,1.937536903565690097e-02,4.953117081365396301e-02,3.198580368337471808e-02,3.943486176491409895e-02,1.191881465834297889e-02,5.844786631632722246e-02
9.157545244483509183e-04,4.403989447162626192e-02,1.392655052522933853e-02,8.445165404680019666e-03,1.821763131565382055e-02,6.665925527710277187e-02,1.590147450875008250e-01,6.858027376693540123e-02,3.572825387101078581e-02,7.032160879203069870e-02
8.852456547161086922e-04,1.428129197366371367e-02,2.123927121648095523e-02,3.055442457240850011e-04,1.532040679454825180e-02,6.610029213353871280e-02,1.655379614704813873e-01,7.484616276189420825e-02,5.919318898852595628e-02,2.191334044023626748e-02
7.833846842973717301e-04,3.228771076725822642e-02,1.296352638461767057e-02,1.010253375321886436e-02,9.320335674450376529e-03,4.822281743028798001e-02,8.349882427396158879e-02,6.020526766192938611e-02,5.773978805408873372e-02,8.887270502092173285e-02
7.137824321588653789e-04,7.567563702802986014e-02,5.867229954632617595e-05,1.426055525138853787e-02,2.701807252601267240e-03,2.949338355424797192e-02,6.224644060759738917e-03,4.336539536567286801e-02,3.326489172298516261e-02,2.042634494034086257e-01
6.993218563829961282e-04,1.032018523342841249e-01,2.171132961410004655e-03,1.071789268170229327e-02,1.256364927247876620e-03,2.005103878397174536e-02,2.907207728685045137e-02,3.610153979014892045e-02,3.538101111367722863e-03,2.582308598016377910e-01
6.604481194648848192e-04,1.130196202072449169e-01,7.076310458535834888e-03,4.847397271480303332e-03,2.251332242685506226e-03,1.573911611582818129e-02,3.992427218186057197e-02,3.702506535024658457e-02,1.768455053027061588e-02,2.420030326459103875e-01
5.610668264601114319e-04,1.057306714951691262e-01,1.575504596466099222e-02,3.186409457237486878e-03,2.271918302801055438e-03,1.024462322954183130e-02,4.362909953359386805e-02,4.106502888417024738e-02,2.540179537235042265e-02,1.985051536474327361e-01
5.074518057284403650e-04,8.390833540122963341e-02,1.761121876419267929e-02,6.592409604518006429e-03,2.465168266868830640e-03,3.509034121420460343e-03,5.978877464486889032e-02,4.483833862530662434e-02,2.193453445531972495e-02,1.672570931441656195e-01
5.746288993059430698e-04,5.568545143918820356e-02,1.884576529436146619e-02,1.097111481578917982e-02,2.515423519685070289e-03,2.858459161346658950e-03,1.235418862217203123e-01,4.404249599544070304e-02,1.504897839687269895e-02,1.623202975947496129e-01
5.692573212132853418e-04,2.733988943811393318e-02,2.724785183214341322e-02,1.336751291967255666e-02,2.648576344212102106e-03,1.128632319166056330e-02,2.406342744632337938e-01,3.340852774863605629e-02,1.190226499373108447e-02,1.877502940967715472e-01
3.302232005695724922e-04,1.965160430288844570e-03,3.908807327377117335e-02,1.442545799988224908e-02,3.892065974164399429e-03,2.581018761743980941e-02,3.566577618378843906e-01,1.289966556003616788e-02,1.755724713713315357e-02,2.367322664369566898e-01
2.573463052905992096e-04,2.511376273461688596e-02,4.294270106967758294e-02,1.352076478222015606e-02,5.690810194048449323e-03,4.524251684516118754e-02,4.017939907721485571e-01,9.347040333330303499e-03,3.670243985913106133e-02,2.801846613853152257e-01
7.263034793908377650e-04,1.709816874091360864e-02,3.766975177573755190e-02,5.489596865804401496e-03,5.486375999851259878e-03,6.215567819332633304e-02,3.461405918294205852e-01,2.508300059507946253e-02,6.184195205423806407e-02,2.890418770202666243e-01
8.385858199504270900e-04,3.699441417017582112e-02,3.418153289489157115e-02,1.248853098658096912e-02,1.942756336116522979e-03,7.070933896819082964e-02,2.182227622120520849e-01,3.575891329696789800e-02,6.626843804819738948e-02,2.658304143042797829e-01
7.924780297261553455e-04,1.096329144619099250e-01,3.398388141153768638e-02,3.299217130774330375e-02,2.979191394538180729e-03,7.305616148650030672e-02,9.471886951278540856e-02,4.807554655632351182e-02,3.298737195250527748e-02,2.254185207100844746e-01
3.502124136009508466e-03,1.523332482135797694e-01,2.410259884693834870e-02,4.371440909395385432e-02,6.003689038847697182e-03,7.553184285011066423e-02,4.845249381186247928e-02,6.061588600442958941e-02,1.591284154800982897e-02,1.572065549738305701e-01
4.785925333470570503e-03,1.478655089732126837e-01,7.174077814101079359e-04,3.999209746777176999e-02,5.404158696112263370e-03,8.042030973856614806e-02,8.446880334686658609e-02,6.406909583521311347e-02,4.158610298314428799e-02,5.033100082015613125e-02
3.910800548217216281e-03,1.185890085364072616e-01,2.434338726266790584e-02,2.716290891848770553e-02,1.960498759242096031e-03,8.328984805880430831e-02,1.442808647274164968e-01,5.539705931136754136e-02,3.019871804068912161e-02,5.820218051544592125e-02
3.050283688312113890e-03,8.829521939252121809e-02,4.490305435022307751e-02,1.288487100084269830e-02,1.605888819015184425e-03,7.768833930007579269e-02,1.795053548948069011e-01,4.249121054329643016e-02,2.627732165496643978e-03,1.153679348794509618e-01
3.721832400926464775e-03,6.101342062655840115e-02,6.079055492998212268e-02,2.915020738877360709e-03,2.499411594273107714e-03,6.252722851245524904e-02,2.068214695565716854e-01,3.378150440077754002e-02,3.150243616909263744e-02,1.188522651746953124e-01
4.535822473400940094e-03,3.489481204857956126e-02,5.951035231308902246e-02,1.435357241068963789e-03,3.210212996300886999e-04,4.499328263075141193e-02,2.696390114960655615e-01,2.968355870243190309e-02,3.480936066937956319e-02,1.044628538262915018e-01
3.901369369442835716e-03,1.298074180883891302e-02,3.203551764679296587e-02,7.909478346911275048e-03,2.409343823810447364e-03,3.476078176666791419e-02,3.458525740752679267e-01,2.408794183750488996e-02,8.907387911451403184e-03,8.828378381607734915e-02
2.587737652445200841e-03,3.111613255282173925e-03,3.295377820088317943e-04,1.474452794918548922e-02,2.556674432566670083e-03,3.493456240271952673e-02,3.492467825704730355e-01,1.191831438904062193e-02,2.253825115238600879e-02,6.107605327247767751e-02
1.853980189342977793e-03,1.556276497431177859e-02,9.991935661074775182e-03,1.408503476505896211e-02,1.006699817751180578e-03,3.963847441086617435e-02,2.477930593173431062e-01,3.691506331801107203e-03,2.796218426669321022e-02,1.950127848853468529e-02
1.173581075054914904e-03,2.467440861819954895e-02,9.533292352671800252e-04,5.461589353606743913e-03,7.204857753037709721e-03,4.237867140149455258e-02,1.138983646222298668e-01,1.269123783895990953e-02,7.541119959060711697e-05,2.987215395680107785e-02
1.752938888086109698e-04,2.938839895885803424e-02,7.667091065167717587e-03,6.809140998484605745e-03,1.468138187308853752e-02,4.728792004989106068e-02,3.383450241411056075e-02,6.694345276542554464e-03,4.059650873041224101e-02,8.774715611822322958e-02
1.054282942523174444e-03,3.209464313589055484e-02,1.527157492824911603e-02,1.894142048360729358e-02,2.229212932885323364e-02,6.331578086397646188e-02,1.723180155993441626e-02,1.361865185033738802e-02,6.770685148707900058e-02,1.483285962000545077e-01
2.031605841862882920e-04,3.604534074483601441e-02,2.882542695160771745e-02,2.633734506307916848e-02,2.691580562652123171e-02,7.997509054247899096e-02,1.074706435609972324e-02,3.368148467308016564e-02,6.935119673001496898e-02,1.622938596600257410e-01
1.264763454219252400e-03,4.006131629231088342e-02,3.905999592184142277e-02,2.375149928615639255e-02,2.405323819533148472e-02,6.637337411751313698e-02,1.390006129858891715e-01,3.090520415374777355e-02,4.931042395782907206e-02,6.739035564750135709e-02
1.285867661256042760e-03,4.164672461571850004e-02,3.192894296798303583e-02,1.237603672280343167e-02,1.386647340390188138e-02,1.339619904845854720e-02,3.477046310142506425e-01,7.061499458517808952e-05,2.323496637631682765e-02,1.132346856967232224e-01
1.071684615417099084e-04,4.265349324805815800e-02,9.634548359652958180e-03,1.034481464776935544e-03,3.556404522311285357e-03,4.213686345617814050e-02,4.884661326060641406e-01,3.167216212705751405e-02,9.218197812369433031e-03,2.664724918145819355e-01
1.160232293526053914e-03,4.587493416848621025e-02,1.473290229920212920e-02,3.704229603668394641e-03,1.724851928587364672e-04,5.882580178126873421e-02,4.517530471753559707e-01,3.351485966951069095e-02,1.001509724559785340e-02,3.153381105222476943e-01
1.133378983439954028e-03,4.867696564699134504e-02,3.182521447580583668e-02,2.929852938645488743e-03,1.726175192816447636e-03,3.819721383863095704e-02,2.886622565981719624e-01,8.125960877825185585e-03,7.206597512069490459e-03,2.813652313199299093e-01
8.269911630654096018e-04,4.568747708369366028e-02,3.583998536869024282e-02,5.205195237882702386e-04,3.994558305854510605e-03,1.096869449523652125e-02,1.162562917700340620e-01,1.734254490982803029e-02,1.492440287291219719e-02,2.131916621188379990e-01
8.708015816003413867e-04,3.579315972293536235e-02,2.175147793923448702e-02,5.700739396084673546e-03,4.463727225035978366e-03,4.963590888021438864e-03,2.729289010295314274e-03,2.732812536465172026e-02,4.387902707893365228e-02,1.376685740058598839e-01
1.036844333673129148e-03,2.323757725730689686e-02,5.348016666580103322e-03,9.695343728577549350e-03,5.374692406704005034e-03,1.420531643850849943e-02,1.863512571692717626e-02,2.726347580760696970e-02,5.270511436539216527e-02,8.193292502785978759e-02
1.043433763174192973e-03,1.414192064733779328e-02,2.657722850710079673e-02,8.096571267407794148e-03,9.316983561513437345e-03,2.591009125429513671e-02,5.787032106585911218e-02,2.613602424053889858e-02,3.489550797533201576e-02,6.820593613018451074e-02
9.887983921495289291e-04,1.258355615328431848e-02,2.841419256718225733e-02,1.779402780928487048e-03,1.556597337292010483e-02,4.123499011610247400e-02,1.675849810558162345e-01,2.699008294656860679e-02,6.916077920997337064e-03,9.358241422099930484e-02
1.005515398148242468e-03,1.774243188509960767e-02,1.923032308832453574e-02,2.847047358361927058e-03,2.013968249337355632e-02,5.301534272422527699e-02,2.193636560168119864e-01,3.124353306396744634e-02,1.886920209882770108e-02,1.532381648751610370e-01
1.049990822815257329e-03,2.558882954671745300e-02,1.542633066843603767e-02,1.405780821269016689e-03,1.971919267232770390e-02,5.161357532289768263e-02,2.008845142833781683e-01,3.924463465836901949e-02,4.244918923420206575e-02,2.433822211386524603e-01
1.060324556513382111e-03,3.323220360654087491e-02,2.287690351212190790e-02,5.049942757185245032e-03,1.501636660183303801e-02,3.256300919985192360e-02,1.862933828147630699e-01,4.484478468139568852e-02,6.152174748001986576e-02,3.294349068614240150e-01
1.056967484303704581e-03,3.850627464049759946e-02,4.133331827965470301e-02,1.198697045151447989e-02,8.815972204724135258e-03,1.299322215855850879e-04,2.395809029773625920e-01,3.784668586248491479e-02,6.853840721732255836e-02,3.771505245807955653e-01
1.070081095793877675e-03,3.754693669820168694e-02,6.454994443213248057e-02,1.246344158367727016e-02,2.436388841383117527e-03,3.424318104619411551e-02,3.262681330351422937e-01,1.788066399956479702e-02,6.212821059073232732e-02,4.000556057626066253e-01
1.091276487249318115e-03,2.902227742456812976e-02,6.843586222537505204e-02,1.321059508116257698e-03,3.174910170854940844e-03,5.190917924153305718e-02,3.260255484241564305e-01,1.326348494974974182e-03,5.088062056023761465e-02,4.040376614955745738e-01
1.107000868147665429e-03,1.929258510010380817e-02,3.375550339008151490e-02,1.712035970628302331e-02,5.757994211387851453e-03,4.302433689208285533e-02,1.680923762274253996e-01,5.305810502348825078e-03,4.563966661278258397e-02,3.393645667499037843e-01
1.121991419070689742e-03,1.677640523672701070e-02,1.435928868870823411e-02,3.097359609188805527e-02,5.190824128070228166e-03,2.140276542137373519e-02,5.189391834051781949e-02,2.650643389578754075e-02,4.867993143903324299e-02,1.892747483260343033e-01
1.143944242534517030e-03,2.236593237192198783e-02,3.268164299110996179e-02,3.287478113047065387e-02,5.629311378023724860e-03,1.521429538339360427e-02,1.601154335729992884e-01,4.544017035996059800e-02,4.966220155879770559e-02,3.677759036628500122e-02
1.171317587512535211e-03,3.064161344444067681e-02,2.394222894783446659e-02,2.518913117612886846e-02,9.816389104773956889e-03,3.410513843283572571e-02,1.126277185514027723e-01,4.990674046760063681e-02,3.917289008516360721e-02,3.470023507547181224e-02
1.200231974330716973e-03,3.736894759809150646e-02,2.612415908177794302e-02,1.426512004252271024e-02,1.400717299922518179e-02,5.638390971664319906e-02,3.375834502472661869e-02,4.395243064039309339e-02,2.571538952807527270e-02,4.260049485526459789e-02
1.232388662250131963e-03,4.100262236243069902e-02,4.717379079684520804e-02,5.160271908013734643e-03,1.291453213569227106e-02,5.729686796478210276e-02,2.733371702735686373e-02,3.491132421134492125e-02,2.419594142851475352e-02,4.487707374370984714e-02
1.272204121419499108e-03,4.153674207110438776e-02,6.115488754804355304e-02,3.171947465472736791e-04,7.524048734672670116e-03,4.194972961465154998e-02,3.735264589727550766e-02,2.224846642722053472e-02,2.807754254090216381e-02,4.019128675350643054e-02
1.318482314761078040e-03,4.155368409091368676e-02,5.880110332703333831e-02,7.665473866847229969e-04,3.766203454485273720e-03,3.763123010391238032e-02,4.357349156035313087e-02,1.648901575647949156e-03,1.342530808946805487e-02,6.031579265288231073e-03
1.364910369490146590e-03,4.293363199510859957e-02,5.682383187169545713e-02,1.573064829888514565e-04,4.498108827442781621e-03,5.512687709927798635e-02,1.917499710305387017e-01,2.547592126703618343e-02,2.771210103869663210e-02,7.346876909903500563e-02
1.413693570769916944e-03,4.157246967204341476e-02,6.219974606806905754e-02,3.420046121917963075e-04,6.470601584528704389e-03,7.307350753987058856e-02,2.697487503753735472e-01,4.900315908007149557e-02,7.586352671559588867e-02,8.962591813427042697e-02
1.477299926654700082e-03,3.191052071175142640e-02,6.008626720815849614e-02,1.995460560303577522e-04,5.427332101265274801e-03,6.712769840976236246e-02,2.064200039718494528e-01,5.588578465150374069e-02,1.062689029103540961e-01,1.917765921278664215e-02
1.551342153579096748e-03,1.542756308114433435e-02,4.206617700514135583e-02,6.622611367190236152e-05,1.680378429233853922e-03,4.146981439993795843e-02,7.524950448831757566e-02,4.199343752062336538e-02,1.094435816792598548e-01,8.846715823185263838e-02
1.609009403872192854e-03,1.293029402535694240e-03,2.682676848906250314e-02,4.943855364941233954e-03,3.562533935265961896e-04,2.200372852001773738e-02,7.970623753666427475e-03,2.240734804437774508e-02,9.279192912098147006e-02,1.490983675900777738e-01
1.657905430231768496e-03,1.346444569923281598e-02,3.588761601948469576e-02,1.500670599048395740e-02,2.839566525156580080e-03,2.717174843540581808e-02,2.132713755680151757e-03,2.365881239159756816e-02,7.344662960146088049e-02,1.240355182250538896e-01
1.753958840026131677e-03,1.964728493038891619e-02,5.782579592449526434e-02,2.296938445601605025e-02,1.036022908739904665e-02,5.296890272082565437e-02,4.599832180553693750e-02,5.499279176928228291e-02,6.824087451489344036e-02,4.866782332899542707e-02
1.880857021860341764e-03,2.241524717104274866e-02,6.288510308947117822e-02,2.253941572837675489e-02,1.875620926014029757e-02,8.346927364136755290e-02,7.550791116445221274e-02,9.492240760884364248e-02,8.239096175665884536e-02,1.598603980452031198e-02
1.916848527123599403e-03,2.782589849233649271e-02,4.780140242672951956e-02,1.572636895905851068e-02,2.658672440639232165e-02,1.108598988978120592e-01,9.477729775283744162e-02,1.190333595736898648e-01,1.056029759752086239e-01,5.721720032683818430e-02
1.891173187683211536e-03,3.664716652855538187e-02,3.296010793414554108e-02,8.136491430947061926e-03,3.454568497804171023e-02,1.374170213982687516e-01,1.553650272075535466e-01,1.268273641269311580e-01,1.184839573446468675e-01,1.055451189077397239e-01
2.064707239490723087e-03,3.950565289802131924e-02,2.332790363391556640e-02,1.760655841409449569e-03,4.106030534948619526e-02,1.574038424609898457e-01,2.377180244327809777e-01,1.269354190151523731e-01,1.039813978929457206e-01,1.533534589418928396e-01
2.388474916559390690e-03,2.991846656900038620e-02,1.190612894312617284e-02,3.696849305962690395e-03,4.189023351127153794e-02,1.545980181881019544e-01,2.596558299384275070e-01,1.164405947018710141e-01,6.465852275597366861e-02,1.518621910231464089e-01
2.258707983853119189e-03,1.616743486143547293e-02,8.330157744830497119e-03,6.539911001044325031e-03,3.538883358895630882e-02,1.249795090088069299e-01,2.039168067936277529e-01,8.972484296345216437e-02,3.247402619225935039e-02,1.059612176761639268e-01
1.507451114445296052e-03,1.010241876315287265e-02,2.033219105150916792e-02,4.856426177991241162e-03,2.471914701971489325e-02,8.432806425446699727e-02,1.149799806182355000e-01,5.022421883110744778e-02,3.959201024696206578e-02,7.765332093860534413e-02
1.086939791739210308e-03,1.109713143862727479e-02,2.596413921904952224e-02,1.378556809852734318e-03,1.399944976669162747e-02,4.792448764712579912e-02,4.343330051864839961e-03,6.846322939661017570e-03,7.246458700101771067e-02,7.710198485048029571e-02
1.732677573583783076e-03,1.130768200974341040e-02,6.603471185825523018e-03,2.337317186138213564e-03,4.915331910957725266e-03,1.839333544588303906e-02,1.564495115037861928e-01,2.808385806524859446e-02,8.456808416472176571e-02,4.814733705353285709e-02
2.640540422194847473e-03,9.774090550383165293e-03,1.801526934619816431e-02,1.005332721087390593e-02,2.538432517114283873e-03,5.806268252336432845e-03,2.619238000646874620e-01,4.222337998133517123e-02,6.083079311148689022e-02,2.498093047106035233e-02
2.698063582833338560e-03,1.057969249242578409e-02,2.566631951517728966e-02,1.983870112339852082e-02,8.327873163091215405e-03,2.467057978971040622e-02,2.406257248958398320e-01,3.733983141960823399e-02,3.183410926240154426e-02,8.429156289741154828e-02
2.114201266596380836e-03,1.220946489279371716e-02,2.973428980507817135e-02,2.632570662231624795e-02,1.244739797547238756e-02,3.912741542031809849e-02,1.266243691482709099e-01,3.061143142467842582e-02,1.876380438401229617e-02,8.384065526901361698e-02
1.317664040881066402e-03,9.453103988900797214e-03,4.446443743816701211e-02,2.885788353750756013e-02,1.528030691152978612e-02,4.905974522064703025e-02,1.389221142557740644e-02,3.185362798542368257e-02,8.612534984848195865e-03,4.489683761075702328e-02
6.853917858073619272e-04,4.001469890504503156e-03,4.806721975738244973e-02,2.783340350160827883e-02,1.655954441845950212e-02,5.069058698899023274e-02,5.277675129212788807e-02,3.101450957828857588e-02,6.554355595327442281e-03,1.511725357671538268e-02
4.736025839179747871e-03,3.685084731537704907e-03,2.132164649155001562e-02,2.168001941659291470e-02,1.527780851956964461e-02,4.277747138409043054e-02,8.044858380684295762e-02,1.669389862370998512e-02,1.019440064713614084e-02,2.104717825616921403e-02
9.123197646586951939e-03,1.017287767229515041e-02,8.505817630851307543e-03,1.186457084729482768e-02,1.218763090347963450e-02,3.336487606179976834e-02,7.145162724387821296e-02,3.855900316806263294e-03,3.672879908937713711e-03,7.454494418251088328e-02
1.118312156612341450e-02,1.534674621356770310e-02,5.038925749012662311e-03,4.696349232304975439e-03,1.044988440085806505e-02,3.438340650148402622e-02,3.596029775079237489e-03,1.327890452844048517e-02,1.220407953261997205e-02,1.793903438609972256e-01
1.061501954121603017e-02,1.284447002832791659e-02,2.089687912493947905e-02,4.339932442065639641e-03,1.171069203569567903e-02,4.860352163147123317e-02,1.280731427388562271e-01,8.133660426148872288e-03,4.459144573815915745e-03,3.029702970274882334e-01
8.925413648663399133e-03,6.838858297936937884e-03,3.392484450026314602e-02,9.882530250142200837e-03,1.394768705099690836e-02,6.613563722873636030e-02,2.628070756302472444e-01,3.837143424193032153e-03,3.972955846643794198e-02,3.831076243868690723e-01
6.785470017348654674e-03,5.222123679020647391e-03,3.233293274059008404e-02,1.946301792102303127e-02,1.516271652771037162e-02,7.590924913061584955e-02,3.143308837762756047e-01,1.282449523835869909e-02,7.676823138521111922e-02,3.936549386567815279e-01
4.361374742872453983e-03,8.693206560403159838e-03,4.163714328874537629e-02,2.927905203673339396e-02,1.571847542341115248e-02,7.561727123653647076e-02,2.638091320064032685e-01,2.809535178774599101e-02,1.039617954149640033e-01,3.582112472561253536e-01
2.695260727437646248e-03,1.144366098634515272e-02,6.419675902500969478e-02,3.050433140046020578e-02,1.521323472186838360e-02,6.764333050757675991e-02,1.623317564059372498e-01,3.621364559014252776e-02,1.109341554188736645e-01,2.818432497384042446e-01
2.227553150137154617e-03,9.639386875806387270e-03,7.635905964731984352e-02,1.757656116889474290e-02,1.179327577445541536e-02,5.383314386874623464e-02,6.380511098510187329e-02,3.551445924977886942e-02,9.269298050488619656e-02,1.448327726095927637e-01
1.521634574718958412e-03,3.795244772690366253e-03,7.010620154689298222e-02,1.675740734882909082e-03,6.667482161790819206e-03,4.025738124529068540e-02,1.900193417014482689e-02,3.030151595051716953e-02,6.166302392703883195e-02,1.124300066789765337e-02
3.074492061099665541e-04,4.925464536516401676e-03,6.095237854097122071e-02,1.352340642677917273e-02,4.295530766865394631e-03,3.722682396363706514e-02,7.824965270315037413e-02,1.829767847513857557e-02,3.967791783305620740e-02,8.815814748569514303e-02
1.662924543444374440e-03,1.366276228184968439e-02,5.522097570138834177e-02,1.409135727301586045e-02,5.814465779866522487e-03,4.587240500666813631e-02,1.997170967460591695e-01,2.669824977475841916e-03,3.714030032556391719e-02,6.883248896795515770e-02
1.048683159756539501e-03,1.439617029628105851e-02,4.287397952458730371e-02,9.605556196556003581e-03,6.514882997049202366e-03,5.282047377576270381e-02,2.205755853413335354e-01,2.364006463751946313e-02,4.656171153853366079e-02,6.058451948140989446e-02
1.885130471271375492e-04,7.043357889503589798e-04,2.490470154492034280e-02,4.942728373876447562e-03,2.194971859266765368e-03,4.656883922403163428e-02,5.330050102051517996e-02,3.232883303452115803e-02,5.177205073821767450e-02,1.392288362845647831e-01
2.498969717713334809e-04,2.082722098491195800e-02,1.697423737933480628e-02,1.397170199219363758e-03,4.754615827273510342e-03,3.243093323329229033e-02,1.479519047688039324e-01,2.757826480749940926e-02,4.205124644940384793e-02,2.285530585612886856e-01
2.187787266453575415e-03,3.478218815511421175e-02,2.235153865200803502e-02,2.022462948897091588e-03,8.119146889329556874e-03,2.356404771478514196e-02,1.675237667551675580e-01,1.807526891903869781e-02,2.232728240184144591e-02,2.124129042559602665e-01
3.145279489092997829e-03,3.424922380345685885e-02,2.735689206175886262e-02,8.943433334060599260e-03,5.777397441840275392e-03,2.339229382224248741e-02,1.552406656411822045e-02,1.086955963341716853e-02,7.511553361292054240e-03,9.987639557167397875e-02
1.529964295506783733e-03,2.613283710784771244e-02,2.447571327535296229e-02,1.760851286016585845e-02,2.292525095444877814e-03,2.533222963689183566e-02,1.214925855753453410e-01,8.257307635763998926e-03,6.890989227748609176e-03,1.215421531755102660e-02
1.436712981427913259e-03,1.893013559005403412e-02,1.715741950774458610e-02,2.172228091601287325e-02,2.823749548421446674e-03,2.489768385291754593e-02,1.490129052712707847e-01,1.239252394917660441e-02,1.867514448827508472e-02,8.300418118401471645e-02
3.135879287366386600e-03,1.395824496267463431e-02,3.671478072587230218e-03,2.091648629565556403e-02,6.721196098706229416e-03,2.319514917956557939e-02,1.222659646955928242e-01,2.383952667934255074e-02,3.215295763353807901e-02,1.369256524134668529e-01
2.298729178186274119e-03,9.658119565068097948e-03,2.112895975967099202e-02,1.778221786407762489e-02,9.037763556483495442e-03,2.192194093178010533e-02,9.985598512389388948e-02,3.595864682437838189e-02,2.904953103908316028e-02,1.775788968865492645e-01
3.991412491219659142e-05,6.406834644733570491e-03,4.769189736410342495e-02,1.248554188888901725e-02,6.777366543610236632e-03,2.217620718081041511e-02,8.748103815536906191e-02,4.006027318851011765e-02,2.064544348770180025e-03,1.885292257120696202e-01
1.982343557698885029e-03,4.146037211650450624e-03,5.694452956326263166e-02,6.270177864897032508e-03,1.483155490242973494e-03,2.482161572894014262e-02,7.668231155213038608e-02,3.718115248454606503e-02,4.517070037488161299e-02,1.769404285305297975e-01
2.609176659588004817e-03,3.970374168559857517e-04,4.673379953387953728e-02,4.499212457074290572e-03,3.576281569705616181e-03,2.752304929316388982e-02,4.185392315931473622e-02,3.572056554079515445e-02,6.836226414879147117e-02,1.447162558377504127e-01
2.361117026232373295e-03,6.020083613695784153e-03,3.187474792421761405e-02,9.154031031963825657e-03,6.807913030021478865e-03,2.597196846543285351e-02,4.091404699544663737e-02,3.727021024372491331e-02,6.005471897536002190e-02,7.215512065549518905e-02
2.115311825309866382e-03,1.198212829276435951e-02,1.602655044635706641e-02,1.313197427720689224e-02,8.578105032671951014e-03,2.028231113217356454e-02,1.231697207585448622e-01,3.497926734583768626e-02,3.455767992094236490e-02,1.610930925830388744e-02
2.279758316963816523e-03,1.391812863026102055e-02,7.666224687348307740e-03,9.376773617386245999e-03,9.486904691549636129e-03,1.540128990278947022e-02,1.104012000717907171e-01,2.671653856946870978e-02,5.687059139941229996e-03,4.492420567027366474e-02
2.541504398030006509e-03,1.287853521504177604e-02,2.490980648961636096e-02,1.609464212685806587e-03,9.645755033183871230e-03,1.484412764768807194e-02,8.927563440637612674e-03,1.984430163953542631e-02,1.941600242477315233e-02,6.478873879265611285e-03
2.274548319518905626e-03,1.243675209979612332e-02,7.880336417109593330e-03,1.627836894266554814e-03,9.198901615039155669e-03,1.780104012113942202e-02,1.267397169336712814e-01,1.992980181810169449e-02,2.685124945109385736e-02,7.295921900003472793e-02
1.465516157460287688e-03,1.329527992846964157e-02,3.636951872115501416e-02,4.432950031572240653e-04,8.350460083136891989e-03,2.095300618524109648e-02,1.355593561125725821e-01,2.183469402991737932e-02,6.108754128508099221e-03,1.053338496610395081e-01
9.948272058796596689e-04,1.357071802473387191e-02,6.571341293163114605e-02,2.687513878906689496e-03,7.086691280099840888e-03,2.004736474487726558e-02,4.785262721322666724e-02,1.701267646347123103e-02,3.016930659029825809e-02,1.208120510526633218e-01
1.442022407914150643e-03,1.261924053046649223e-02,6.251369683738035310e-02,1.017119666387398744e-02,5.470729878391832057e-03,1.239364199520533172e-02,2.874432719314191920e-02,6.522941680381293822e-03,5.866010813890895625e-02,1.351984454871078545e-01
2.201030790266701124e-03,1.123467115901571542e-02,5.282439637066592419e-02,1.467723375520431361e-02,3.626800304879339992e-03,6.988392228836209918e-04,2.235938363740464299e-02,4.148596658769352491e-05,6.875325610113482144e-02,1.294172076389985548e-01
2.446380430269953516e-03,9.874711115620316698e-03,5.370247479948218883e-02,1.081689561486358364e-02,1.237266101764329055e-03,9.055098855136245808e-03,2.290376874202437046e-02,4.804341564999640990e-04,5.934715168513290950e-02,9.902017552585938576e-02
2.213454001522049963e-03,9.107550734406369766e-03,4.420699039710482281e-02,4.258943109274185464e-03,1.954097857748020740e-03,1.551430074210401189e-02,1.862524734136518714e-02,3.033463774884965353e-04,3.099516835831497147e-02,6.928970427553815536e-02
1.976897502839791536e-03,9.376678308318654731e-03,1.061525626144133559e-02,1.195472799858796759e-03,4.889551817895840258e-03,2.235967259953222652e-02,3.474792744499644037e-02,7.837575870564439384e-03,3.608340186140753664e-03,5.795550830680670784e-02
1.740989780043782249e-03,8.693845645699267016e-03,1.791816591109036266e-02,1.513399749499860086e-03,5.513687564793008991e-03,2.909623922743495225e-02,4.856593039354672320e-02,1.454581422720262543e-02,2.065489904337098129e-02,6.754712706744812889e-02
7.634737429535183410e-04,4.320782764130429512e-03,1.088646104664629452e-02,7.658018022098419392e-03,3.054786939795473520e-03,2.837575270014482468e-02,1.821128299705248449e-02,1.039052753614043770e-02,1.252923018559789874e-02,9.638616766985957929e-02
1.744032605892198353e-03,1.863389398271482868e-03,1.458839098151114289e-02,1.268377915691661431e-02,6.182521591484834702e-04,1.572832931663650444e-02,1.118517523780875045e-01,5.416385732783409596e-03,3.289130632439878597e-04,1.304223736055916405e-01
5.137664181116436204e-03,5.013210964614608391e-03,2.129186344229819922e-02,1.267665916399149037e-02,2.823228537271797040e-03,2.963450672828093872e-03,1.831050252346125562e-01,2.736551063825719970e-02,2.764919123950419604e-03,1.546300260075209043e-01
7.143330789915412413e-03,5.781384487130033882e-03,6.586879864868979730e-03,1.265739508921505038e-02,2.892450900422494347e-03,1.696068060734606461e-02,2.306522879991648178e-01,4.878482614475936063e-02,1.769622098462846765e-02,1.777744753843928938e-01
6.175555539501201632e-03,1.024385252972202266e-02,5.837178880130494685e-03,1.676897322262280512e-02,2.179151688241704344e-03,2.162301110052728889e-02,2.386100804870775194e-01,6.104227418212702927e-02,3.134688155164956636e-02,2.076796194708482590e-01
3.164366247595676654e-03,1.913028794411711711e-02,1.112251352157561310e-02,1.964074860725681729e-02,1.731765362878379816e-03,2.124415492261037125e-02,1.790593914988691526e-01,5.686632494864864856e-02,4.432093585854594148e-02,2.129567404359222760e-01
2.685634242692917740e-04,2.422650467517603601e-02,2.577375362732304415e-02,1.538044005716032551e-02,1.420454134716946180e-03,2.071443246092895263e-02,8.044024322716475384e-02,3.843205144109661936e-02,5.862123403199097360e-02,1.520243392175662234e-01
1.307576172057130660e-03,1.887954764812209071e-02,5.524130659275593158e-02,6.426964784014712814e-03,1.134079141199558632e-03,1.782054259023378023e-02,4.821132510745255659e-03,1.691644583260841148e-02,6.152957027631082015e-02,3.095167365899969061e-02
1.703579057389324400e-03,6.854739559946563393e-03,8.347610234032872001e-02,2.621127297126850039e-03,1.114073890304437525e-03,7.588909198994905209e-03,3.174608191699774401e-02,1.927149562403168270e-03,4.570787944648233014e-02,9.872398885245353695e-02
1.571147237660478055e-03,2.620882422222007083e-03,8.913505388355710823e-02,1.220927321846436257e-02,9.034471352689212118e-04,8.614305872814219389e-03,5.498663422107591403e-02,5.069457183332482311e-03,2.800544566817006822e-02,1.939447971524390080e-01
1.405902668372589585e-03,5.294275110788541731e-03,6.235474477644276092e-02,2.338941299693830453e-02,3.026933893200306784e-04,2.326020394989825393e-02,7.475203959697920841e-02,5.847841731899412927e-03,2.568810765061562557e-02,2.479030000875034889e-01
1.347268587130576569e-03,4.235918928540763351e-03,1.316665449370935798e-02,3.144133105262687800e-02,1.837489270515604584e-03,2.937801783948884929e-02,7.471547170930459281e-02,3.628480703386505191e-04,3.140805865492014154e-02,2.635230142809744103e-01
1.312680753752466572e-03,3.796581982896941616e-03,3.395526563024019867e-02,2.950786179144089180e-02,1.949743273629090615e-03,2.445887615239062535e-02,4.567950826802992526e-02,1.175807721601420178e-02,3.058729833340248158e-02,2.354610728114950036e-01
1.223312618200082108e-03,4.702506932355423296e-03,5.919885398641824836e-02,1.764956339305110908e-02,5.947145840103116666e-04,1.270052869890037940e-02,1.443622337624150299e-02,1.725911575903396611e-02,2.470226997584018883e-02,1.820714035833045641e-01
1.100411884583777462e-03,5.107571066666831763e-03,6.021684913250828497e-02,4.205123794143721117e-03,1.661095798909368692e-04,4.454920246993571663e-03,3.415458426456712687e-02,5.540763658107837088e-03,2.011159696863741922e-02,1.528732368727657165e-01
1.029705406660589868e-03,4.084804137482787346e-03,4.583592077545905336e-02,3.045807185236015530e-03,7.482469530104398150e-04,7.028783877235241298e-03,1.251223802693401943e-01,1.954314884628701940e-02,1.220018447559801170e-02,1.663528838602369442e-01
1.030113446260926251e-03,2.898962615476560496e-03,2.263452953689831099e-02,3.552530987517123987e-03,2.089010135276343164e-03,1.681155047224617421e-02,2.357672186477247078e-01,4.256889440815323639e-02,1.891165696282739572e-03,1.830752265380435340e-01
9.608785688339087664e-04,3.160896576267068197e-03,8.122561091835721683e-03,2.836295520916916769e-04,2.828370575849541418e-03,2.603086056168749801e-02,3.011507442931894429e-01,5.560619149231590952e-02,9.201127583867813389e-03,1.736890803239704850e-01
7.531037723969411955e-04,4.625495183160157481e-03,4.083013795728906992e-02,5.607671707077649739e-03,3.686813416798721127e-03,3.218313162113785320e-02,3.165214351446761776e-01,6.395379923526404997e-02,3.893830850996825126e-03,1.614365220619791985e-01
6.913738115545247634e-04,5.717139098155418243e-03,6.030043653287057992e-02,1.263095977887476219e-02,4.922314646550553230e-03,3.510147030596209861e-02,3.046720971352264162e-01,7.275397150101370336e-02,3.077887546490680123e-02,1.642983494090201335e-01
9.561978960322635706e-04,5.772684925707295689e-03,5.437319480167512181e-02,1.565206313181631559e-02,5.016818535773399750e-03,3.320642692549055641e-02,2.548533687457049668e-01,7.811113992718862753e-02,4.950679806660455290e-02,1.524170245746178931e-01
9.214766313171093327e-04,5.509019073872276767e-03,2.959833079781905990e-02,1.047465978500238676e-02,3.152626304714464551e-03,2.904123670028165016e-02,1.536348733695015178e-01,7.407338774091447309e-02,4.286766826506991507e-02,1.029980470342229115e-01
1.156841612663959745e-04,5.551114014068493120e-03,7.267221511126662620e-03,9.533494269786525581e-04,9.272960438239940010e-04,2.987701805183114179e-02,3.139081931769489853e-02,6.099737368919556230e-02,1.056028814575550936e-02,4.885664243110925120e-02
1.423442936540743418e-03,5.687799997706021425e-03,2.215834225139512361e-03,3.635654468146641127e-03,1.191381352822880541e-04,3.719808031120932362e-02,6.666642404555078727e-02,4.399591587417786553e-02,3.063542483084084889e-02,3.087451665245307189e-02
1.455316064033430369e-03,5.548322890043383242e-03,9.111363776591004104e-03,3.092982883717710751e-04,4.541105833261853430e-04,4.241474767981072425e-02,1.177827630967028805e-01,2.715249024402532560e-02,5.855352983231556369e-02,3.979662006381907979e-02
1.762349697723633449e-04,5.250900658115453812e-03,1.389432909023620433e-02,6.638425629337611419e-03,7.133955179470835746e-04,3.710808942403276411e-02,1.209271505616549697e-01,1.138659179143001500e-02,6.344073973366162744e-02,4.556063759769612281e-02
8.232177302237016041e-04,5.159034193663375109e-03,1.477430553629738297e-02,8.980487246825005418e-03,5.910084888373246404e-04,2.317966669218220199e-02,9.686303710305428638e-02,3.208430557149804987e-03,5.085067112526396593e-02,5.294633121653423424e-02
7.174721376744329750e-04,5.171394013994678844e-03,2.130157532821441019e-02,9.961317528251155407e-03,5.067139119358421602e-04,1.011950536039720773e-02,7.599776892194384792e-02,1.432597744684688604e-02,2.638628767401351646e-02,8.406524414120966626e-02
3.687516705025229769e-04,4.673651055826103309e-03,3.488322941786066445e-02,1.574855440284614327e-02,6.003705688537113415e-04,4.441963156339226448e-03,6.174471383779586708e-02,1.834753804081045922e-02,1.062762536817929253e-02,1.298956468889855553e-01
5.921023268602651490e-04,3.564372788602495918e-03,4.351392934385700517e-02,2.427135782429116692e-02,6.838751247424876278e-04,4.085965597814430333e-03,3.219258432776449935e-02,1.496254876773075310e-02,5.571578254744258274e-02,1.643873724152834503e-01
8.090438132373705240e-04,2.743089284773381729e-03,3.555379910696744583e-02,2.676272053337619417e-02,6.906203735677975434e-04,2.813957628589219481e-03,1.860975099147538225e-02,8.669438480912269873e-03,9.404249672540269944e-02,1.888957105524633751e-01
4.521398091751835662e-05,2.847246032737870032e-03,9.580944156210031981e-03,2.062237148766760467e-02,7.076716882260733477e-04,2.117263159082922487e-03,7.343082426545149977e-02,3.221079360691369957e-03,1.107860993001245770e-01,2.225376327631542750e-01
1.410436184752700490e-03,3.241377935035969372e-03,2.503056099527247239e-02,1.208678952925293197e-02,7.660875430832631873e-04,7.558458920766947600e-03,1.128217990368473866e-01,3.456938439014348424e-03,1.015746967763511976e-01,2.605039834350730277e-01
2.174860456291555135e-03,3.070157378340258002e-03,4.954499253741109777e-02,6.368024699934204252e-03,8.237115198933443868e-04,8.212113357468305008e-03,1.208528462835841699e-01,1.447613033912049929e-02,7.619444764207417009e-02,2.711666061731191624e-01
1.486187441717669528e-03,2.456298232529834352e-03,4.567308911535359478e-02,4.199610739551004959e-03,8.649940909628344929e-04,2.248894233598515077e-03,9.965708991253326154e-02,2.487874689535732667e-02,5.457402978131651455e-02,2.315422246682714014e-01
7.521396628587149417e-06,1.965023056998332907e-03,1.407280093966544257e-02,6.250315551798177674e-03,9.092682869030295142e-04,6.159125076466050175e-03,8.338686067584070993e-02,2.332034478111011042e-02,5.022995922108560579e-02,1.551821380303468612e-01
1.113909428956047932e-03,1.703669703738145986e-03,2.161916709988808555e-02,1.124021181048854082e-02,9.601480318695426730e-04,1.085673178419056806e-02,9.558873752359203779e-02,5.990865327982438683e-03,5.849930400083706850e-02,8.279288292015454798e-02
1.041396455522866377e-03,1.452059069445156992e-03,3.821265132585690422e-02,1.272067593042096496e-02,1.003246558018350883e-03,1.022499447657281881e-02,1.083030110263127344e-01,1.488009115044239272e-02,6.999008707936714424e-02,4.233947079885733850e-02
1.581523225692088651e-04,1.110744643791147877e-03,3.776647084960597228e-02,6.518814355466360719e-03,1.038555458445642159e-03,7.256979207810813903e-03,9.101944751447746396e-02,2.246270854665611411e-02,8.275276544603560325e-02,2.552828521445060436e-02
1.352803887356591062e-03,7.685535167298797495e-04,3.896846884375921444e-02,2.853124129518789208e-03,1.077613317262182072e-03,3.756111796394038735e-03,6.491539420746859912e-02,1.518581882924212659e-02,8.721913704031883374e-02,1.190838161510509446e-02
1.225727851434287898e-03,6.017105239235627208e-04,4.434608112131879776e-02,9.800463861581973010e-03,1.109797718572997586e-03,2.011636639098741183e-03,5.900724160190810863e-02,7.744139140573736389e-03,6.161296800555911973e-02,1.366827106195310504e-04
3.623709512299198800e-05,6.437964121303232229e-04,3.366570905887376203e-02,1.480883028624295321e-02,1.112139145634399775e-03,1.180576094870334179e-02,5.772541129652501019e-02,1.027299376406366760e-02,5.074060961998899839e-03,3.358955684882460047e-03
9.724214851756327483e-04,5.387047727653511506e-04,4.168663564441165217e-06,1.787016927285170823e-02,1.105198420936800334e-03,2.332705890990866698e-02,4.518351515011250624e-02,1.615576808117440491e-02,4.292024937494822584e-02,9.229328289932406393e-03
9.606142565784804013e-04,1.520589043229553326e-04,3.001330899861712198e-02,1.414146395423438937e-02,1.131388290444709614e-03,2.964316967888574322e-02,6.219364026154399622e-02,1.552448876167019168e-02,4.158613542482936937e-02,2.748262387829951414e-02
7.401329599313975077e-04,1.302962707274125942e-03,3.455997737721391155e-02,4.802970939638952740e-03,1.142889861126486321e-03,2.455084895278823384e-02,1.558049215270653487e-01,1.114632864199993460e-02,4.217898752827716272e-03,3.807476384749940157e-02
8.059009201381085209e-04,2.201786975244987479e-03,3.280232739814323284e-02,3.115577709505217615e-03,1.046303265481381400e-03,1.060309570549150537e-02,2.835306292669420580e-01,1.260364484091657834e-02,6.378113577896735165e-03,1.975263909348035432e-02
7.967948786273562839e-04,2.116856195875076868e-03,5.356214089393150635e-02,1.869747585444938784e-02,9.398229082918709574e-04,1.691897480360478757e-03,3.313923238112911895e-01,2.089562470440573319e-02,4.778920374685794586e-02,1.896053446311567539e-03
6.585364821790987708e-04,8.364312478282789507e-04,9.103666369330563890e-02,4.219606193187533383e-02,1.023826074858283884e-03,4.853287885305809964e-03,2.429002862947169383e-01,2.916086035626672471e-02,1.273096609593161732e-01,1.830474018217558702e-02
9.141098350509327787e-04,9.186219518368995540e-04,1.199078852625398567e-01,5.555114572560638370e-02,1.090993058350051741e-03,3.119127375450709335e-04,8.107824704092785051e-02,3.741476079861520698e-02,1.682234727478540692e-01,7.814508857435620293e-02
1.228222912897697925e-03,1.870737297813849240e-03,1.290643573231049224e-01,5.294192275928533836e-02,6.946942552957252473e-04,1.012479124596376949e-02,5.301296649625098639e-02,5.360385085542648809e-02,1.707369025727289158e-01,1.332253126822107725e-01
2.531416779262254859e-04,1.823571188755251406e-03,1.161262533098430527e-01,4.398765240049837960e-02,2.895609626137902320e-04,1.981583518810534073e-02,1.175327988554729919e-01,7.379421791047818813e-02,1.870212318286523234e-01,1.560570537301640415e-01
1.992484530600632103e-03,2.257616703793324450e-03,7.756115004078555086e-02,3.968497730660624362e-02,1.171696597337370171e-03,2.083163388699904237e-02,1.333532464382214955e-01,7.541267567703374697e-02,2.316994730962665394e-01,1.478517312806325312e-01
3.222373249275495375e-03,3.720251683420527141e-03,2.767716304132938551e-02,4.141876276603678741e-02,3.276938140073105098e-03,8.216669179886823549e-03,1.347746748723788468e-01,4.518248973697210069e-02,2.614575012374250051e-01,1.145780452595917820e-01
1.948041916352026559e-03,3.581178029515085220e-03,2.771596934447546554e-04,4.282439115987735773e-02,4.386655156253430922e-03,9.005591163309839900e-03,1.387047222023538307e-01,3.006878250897802689e-03,2.434835321260028773e-01,7.516055320193544553e-02
2.287364270846538024e-04,8.463585322191838345e-04,1.097553503740519854e-02,3.803935836529746123e-02,3.019897542620183280e-03,1.553557400806214808e-02,1.439902079898141285e-01,2.037554955496090336e-02,1.941453369282892250e-01,6.604146772009053534e-02
1.119485895281121515e-03,7.470708843124636463e-03,4.020335417110709048e-02,2.713442252272117022e-02,6.610085532614261858e-04,7.841364700393947673e-03,1.481591723297702723e-01,2.100583394629557121e-02,1.443419923967050045e-01,9.916573484242113823e-02
9.094976234673400346e-04,1.085095167773099042e-02,6.333764277435932621e-02,1.547509082689728366e-02,4.682036279500496412e-04,3.670097332421583085e-03,1.617680276545727103e-01,1.838339096784519580e-02,1.043533149424020756e-01,1.458349298405483829e-01
8.223006501933621338e-04,8.224456813117069984e-03,7.231813332900452473e-02,8.456462542075592406e-03,3.005782620983779075e-04,9.144428290876208121e-03,1.963329278298104053e-01,2.265350058636402680e-02,7.212009782388741075e-02,1.857909639650531797e-01
7.371138915460745573e-04,1.770197235605623382e-03,6.435158534338134007e-02,6.318569707799999609e-03,1.292114486592564008e-04,9.009463075208905616e-03,2.401748910005594151e-01,2.425921188310341953e-02,5.061058527586030642e-02,2.275568113491777955e-01
1.043803871599334124e-04,4.291546089899771037e-03,3.781898208521828481e-02,4.625330405922155677e-03,4.059159768048700278e-04,9.674248755869436361e-03,2.678294675537478686e-01,1.224500028436685886e-02,4.178428911622130565e-02,2.598631484882182319e-01
3.780423411114083084e-04,7.153945932261336800e-03,3.637198001588007410e-03,5.408121851501381666e-04,6.820214488878191626e-04,1.404845922089574192e-02,2.732835404600632012e-01,1.072409516061397991e-02,3.370922733826864359e-02,2.407822456822848456e-01
5.260231128845947534e-05,6.991415102885626190e-03,1.950263158953231130e-02,9.420236699614503717e-03,7.487590941945008235e-04,1.700127778254491642e-02,2.619042174526723943e-01,2.901069444022373600e-02,8.794910595788619362e-03,1.653221828527972614e-01
5.063326512146099773e-04,6.312227981065779078e-03,2.180252203378860512e-02,1.917870593674655955e-02,8.045540926844177258e-04,1.000034529251913468e-02,2.136645379580957294e-01,2.564765713560973256e-02,3.409199369333651419e-02,8.905238432431988871e-02
4.730373783817998961e-04,7.166370542291159058e-03,6.552762542815364008e-03,2.494666459394632996e-02,9.456233807182067800e-04,8.023979350321066087e-03,1.060694776939422462e-01,3.609293997494866183e-04,7.433788690006240540e-02,5.456682432743271277e-02
2.632931781132905567e-03,8.343607497460436839e-03,1.138033779501985455e-02,2.223763585788499433e-02,1.079005680670618679e-03,2.638570537925477230e-02,2.917907104913427391e-02,2.607511146096722424e-02,8.915787284527343370e-02,4.656954632051174547e-02
3.897713790370873916e-03,6.434169151452509387e-03,9.578814551964149465e-03,1.207087407701697840e-02,1.158851255010847096e-03,3.333597641128347583e-02,1.319597398525207133e-01,3.544725571887242382e-02,7.424363075848110227e-02,4.326434989830207911e-02
2.758365846989349352e-03,5.779794597255330903e-04,1.808491701703177079e-02,2.134592323102420079e-03,1.225864344569032064e-03,2.812304625611278253e-02,1.861604019196001492e-01,3.303633467634622262e-02,4.589941908454021197e-02,5.549604774741488666e-02
2.384634051272226324e-04,6.236959402424322417e-03,4.197971706976411782e-02,4.036026061991186556e-04,1.296960322608047911e-03,1.775992334220545879e-02,2.089294674866709611e-01,3.348975170196411694e-02,2.860306930300334644e-02,8.890254020852642047e-02
1.404187745232811759e-03,1.217196185179192196e-02,2.831487855859112640e-02,4.463428758847168450e-03,1.354707605207782460e-03,6.773246774503692211e-03,1.930314362279871299e-01,3.654916319891468590e-02,3.666113964134339737e-02,1.200017401525316219e-01
1.489285574796363198e-03,1.878163687667180892e-02,1.223091614827436467e-02,1.193648285462392544e-02,1.399697886846643959e-03,3.610559490984746080e-03,1.215880392612556926e-01,3.121569394724555205e-02,5.783093450848236089e-02,1.366628415736323154e-01
1.079495295926915979e-03,2.605881818253080046e-02,3.879114797263527592e-02,1.774609052576918422e-02,1.436405376883875861e-03,1.039766725008766345e-02,2.131630982004027383e-02,1.583101624506882618e-02,5.932825165430694742e-02,1.549153930176499216e-01
1.002799816688747627e-03,3.002694322522793391e-02,3.913834225406147282e-02,1.903163665074418184e-02,1.446197652661702438e-03,9.925932798195225351e-03,5.222143004876590722e-02,3.955499579128493874e-04,2.216724900156707978e-02,1.698645783283403710e-01
1.259380805589655795e-03,2.739346971554627169e-02,3.688088460556503134e-02,1.464519452030029097e-02,1.435666589810923564e-03,3.597204071561275248e-03,8.075219472135147791e-02,1.227593289024775901e-02,3.513900884859165463e-02,1.385058574111260044e-01
1.623403642336763682e-03,1.888355408775069591e-02,3.966322442266621839e-02,7.790687265704527957e-03,1.455805785527350318e-03,1.731825059551108823e-03,9.983199288554557571e-02,2.223523691042735007e-02,7.523248745190844189e-02,4.538943661531472801e-02
1.577890353116469203e-03,7.933882662574090819e-03,2.314532446354147441e-02,4.906960640485695871e-03,1.489902678268241682e-03,8.287815703886408387e-04,1.429842335693481681e-01,2.937988675681161427e-02,7.584274240282526391e-02,5.545741287378313372e-02
6.312130252690689985e-04,9.404967856823885902e-04,2.042282629747060180e-02,9.829578395797296253e-03,1.427908170489408483e-03,4.479974733416497087e-03,1.989901076113844147e-01,2.795335853886278532e-02,4.222700270035757708e-02,1.003916310886111274e-01
5.188927294092436898e-04,4.431016049998237616e-03,5.777140057266250128e-02,2.094160770619213699e-02,1.309672534035683953e-03,9.452411558716540887e-03,2.397965023063959589e-01,1.958297104499975155e-02,2.743449817951186184e-03,8.756226476029525807e-02
4.753498067575609486e-04,3.645992604324707273e-03,6.176534053105565969e-02,3.263146763356761931e-02,1.380240867675150071e-03,1.365549736731691208e-02,2.614642972415341937e-01,1.471912752842650246e-02,3.934298901399179565e-02,5.821919607593526585e-02
7.760437999621135020e-04,2.571680389742058738e-03,4.976719976050189564e-02,3.728877160662756596e-02,1.573363057427107706e-03,1.907912813639063218e-02,2.753963101003087943e-01,1.804013712693687196e-02,6.531424473088931482e-02,3.318297894623500194e-02
1.817792958307190695e-03,2.473475364414482684e-03,5.007616778343161601e-02,3.050623816167327695e-02,1.325219915398588404e-03,2.270764955923399928e-02,2.793847729175839567e-01,2.328979506146972023e-02,8.491055472569643270e-02,3.559758604632824383e-03
1.911856194692192028e-03,1.514238477566269732e-03,6.064672092899568712e-02,1.771490779090502052e-02,5.142717836776177637e-04,1.792890735912515063e-02,2.521151809311624192e-01,2.464326427227983216e-02,9.246217531178245463e-02,2.488758729905663630e-02
1.618107127463926055e-03,2.490023726617926047e-04,6.504977414304598249e-02,9.881099496323540385e-03,1.710087759743017413e-05,3.846592747010365698e-03,1.712505455822202483e-01,2.283693785568246398e-02,8.376715717075661205e-02,1.788618393754677627e-02
1.527472363905989531e-03,4.014032409988692362e-04,6.138224415533444223e-02,1.041006307792109037e-02,4.732937836992539941e-04,1.204833781735176711e-02,4.837182365038703719e-02,1.841416415222311281e-02,7.207496138966608401e-02,4.089526362704801882e-02
1.703161819308690464e-03,1.313744476655110283e-03,5.632169521707301729e-02,1.371287847289731458e-02,1.234302074570392451e-03,2.062095731287447165e-02,5.166775959138183993e-02,7.485863367465882962e-03,7.145996839744801765e-02,1.164024242474549359e-01
1.973880938878417625e-03,2.550306765095228939e-03,5.395807351937061819e-02,1.656668011147864952e-02,1.431435324013285819e-03,1.788509462137637118e-02,6.391915506263148861e-02,1.233199025617500236e-02,7.596066528483903790e-02,1.573581432760866039e-01
1.890296224459943114e-03,2.296087877155400005e-03,5.875477600373210652e-02,2.003191863502535794e-02,1.213320000472773667e-03,7.348103540619649668e-03,1.429554995617571961e-02,3.580978154980499900e-02,7.320542226375437167e-02,1.517965779773323975e-01
1.046859831277144803e-03,1.771599627328590120e-03,6.920033838476101484e-02,2.032415270363612317e-02,1.144286467637509446e-03,2.629236558930655738e-03,1.103167601150304919e-02,5.391141311458698404e-02,6.639569801027936369e-02,1.334755961568947491e-01
9.707168599128502304e-05,1.851207793251594732e-03,7.086456084270388589e-02,1.074658240511866189e-02,1.240192767545218993e-03,6.546719077960111779e-03,1.066848197770985662e-01,6.237068897171989951e-02,6.837456482986818684e-02,1.351551506054548546e-01
7.202597129695516732e-04,2.129674837119575719e-03,5.317681163726000609e-02,5.736761828953175144e-03,1.255943383918388867e-03,7.335026439575234418e-03,2.157870384421741172e-01,6.239507049563958879e-02,8.142728293096761216e-02,1.441621999386948072e-01
1.185177221476212519e-03,2.199763879982587645e-03,2.504102364705963757e-02,1.684981406880546248e-02,1.264891142991671647e-03,1.195768268948241633e-02,2.275266364449604062e-01,5.468781801503729695e-02,9.118495085498551367e-02,1.212909455230201106e-01
2.815943126484155620e-03,2.233423493550307833e-03,4.315250271742455436e-03,1.481529947898471873e-02,1.386907514476030728e-03,2.229139622677078075e-02,1.550316717856651261e-01,3.864937762866965665e-02,8.174235168855228939e-02,6.203309827207005578e-02
5.773014056195885542e-03,2.414742221431332141e-03,4.369490252967798798e-03,2.089635199727852156e-03,1.400770149964291819e-03,3.266567234132593256e-02,1.017334286050441683e-01,1.697215125848542880e-02,5.707608301020426073e-02,5.012422444533779463e-03
8.188866640577382311e-03,2.656598566065953258e-03,2.989890987002328734e-02,1.367695100514553126e-02,1.229278800506917145e-03,3.646009649309529810e-02,1.169425514884468720e-01,3.265267704673702285e-03,3.917024285550906038e-02,2.544365143598920770e-02
8.014515968714663874e-03,2.861597844655185650e-03,6.772485477913388341e-02,2.267844180912602023e-02,1.379190327597203461e-03,3.334355121558301577e-02,1.605164838347737932e-01,1.445930631451322092e-02,3.966327367600357839e-02,4.302392264379518300e-02
5.281380128668741909e-03,3.058327561645124513e-03,8.825089146175833787e-02,1.615022838964103383e-02,1.959442990243661416e-03,2.767309046443943571e-02,1.884976672366030503e-01,1.373174104782895998e-02,4.680848882187627763e-02,5.644832303856113509e-02
1.945465891111661412e-03,3.281190023569931398e-03,7.435988752145326897e-02,4.286173857951427676e-03,1.795779774725786947e-03,2.111456211747801334e-02,1.965875994208031718e-01,6.744566684802177220e-03,4.626948649850451400e-02,4.930364197851353630e-02
2.766567142927437838e-04,3.505424109193280326e-03,4.111058899378223358e-02,2.416322657035860355e-02,1.210201982798902315e-04,1.234751848180915337e-02,1.793062957452213335e-01,4.560070078027542162e-03,3.829818368576947546e-02,2.063989226801266411e-02
1.178685032113042323e-03,3.702873510151341065e-03,1.708869937528852828e-02,3.075645854080420391e-02,1.473062720331884011e-03,3.338568395429046369e-03,1.220411561124381400e-01,1.155576348427527454e-02,2.985320372664604024e-02,9.232953867205490051e-04
1.451945406522098594e-03,3.873388635181547295e-03,1.777252034226330449e-02,2.678976309001529152e-02,9.681295927527574412e-04,1.657923300832553262e-03,5.197341768722468780e-02,1.762763641225773351e-02,2.562810752186807026e-02,4.388860833846269446e-03
1.700552972646519672e-03,4.019382093446210134e-03,3.840679126522634351e-02,2.352578632361254640e-02,9.901916672678070554e-04,2.953615957312170220e-03,2.684757386126283146e-02,9.769311217484463739e-03,2.889945920593017109e-02,8.055670665705689376e-03
1.898680081369782686e-03,4.131082238189716545e-03,5.923540386177043870e-02,2.461893041011344041e-02,2.281060718196988545e-03,4.033574041342887287e-03,4.912514753999414063e-02,9.258309200094660615e-03,3.806734537506792360e-02,1.811352161114611684e-03
1.518786933342624376e-03,4.198512422175139196e-03,6.158520539109666597e-02,2.369094655214570508e-02,2.349386680435678471e-03,4.866201684420481781e-03,5.685013588944620722e-02,2.365780274065061584e-02,4.330489306717349995e-02,1.441939266942173989e-02
6.624383354892949844e-04,4.218758509867229570e-03,4.690199418074701698e-02,1.514479745329555885e-02,1.939952908069867126e-03,2.911824355378571979e-03,2.071470916973384285e-02,2.568281563485801458e-02,3.685660806741076351e-02,5.986762809783730682e-02
4.458418785013515146e-04,4.190630534691671023e-03,2.981675744195297004e-02,1.407686260846936939e-03,1.575034089739959066e-03,1.855193484071881093e-03,1.937867255629956847e-02,2.198725114374229864e-02,2.269245249313652651e-02,9.866940079704016042e-02
1.128057272065610293e-03,4.111338277218514609e-03,1.468649406320770776e-02,9.881406942367963742e-03,1.891273257560948870e-03,7.534875733705294343e-03,3.686250451415996887e-02,1.841218096708338234e-02,9.357401091859805786e-03,8.808967720104099453e-02
1.106064694799325848e-03,3.979052479355041187e-03,3.151638542360166769e-03,1.292537659333347841e-02,2.992087201834575574e-03,1.179347004673519592e-02,5.986926278657921097e-02,1.173980793915474323e-02,1.869802741953953407e-03,4.055034275520040532e-02
6.594178990612883408e-04,3.794551057755051349e-03,2.121668425928252902e-02,8.677742853019396879e-03,2.404834746212429746e-03,9.950727435044767061e-03,9.958377813262911382e-02,6.274927281212631545e-06,4.025289706215142392e-03,1.854686825729161617e-03
2.792118558848855764e-03,3.560053097528572547e-03,3.347853104500839866e-02,3.943283277505227682e-03,2.745533709090963552e-03,1.757409282202002142e-03,1.180363368466499224e-01,9.755806256992238801e-03,1.518038935428454514e-02,7.082387682865341413e-04
3.617160384756992232e-03,3.278401707318957543e-03,4.034518430170148939e-02,5.174706979957099245e-03,1.047885956006176789e-02,1.791588496700111804e-02,1.040770941399407484e-01,9.587046962084950011e-03,2.451203547505008754e-02,3.168932930335757042e-02
3.395443889607938689e-03,2.953523704193411481e-03,4.400958615709051752e-02,1.279934404931372567e-02,1.500016910932190986e-02,2.634795777495680877e-02,1.080107488846366037e-01,1.228244184342360901e-03,2.373456073676014425e-02,7.635261240865494348e-02
3.115659080233324982e-03,2.590699343113810928e-03,4.270940638522513488e-02,2.140104404908051844e-02,1.381678327403753140e-02,2.204452282842640429e-02,1.646798789166791510e-01,5.160317083666151466e-03,1.988170786998835760e-02,9.200978327275691204e-02
2.702886526975353809e-03,2.196192702028846103e-03,3.272538888363813597e-02,2.549247839743119803e-02,9.722326634344406748e-03,1.275891059619607519e-02,2.325627497228347496e-01,1.871255270016480799e-03,2.136695375048421053e-02,5.372648193549442452e-02
1.592144190224972257e-03,1.776928029730082646e-03,1.063650323827950751e-02,2.554564341328304303e-02,5.697711173955442333e-03,8.979110581713590708e-03,2.365686560811433581e-01,7.854448898592970851e-03,2.489174304213865804e-02,5.611151335059036058e-03
2.664901144665365147e-05,1.340435663324657852e-03,2.388018345089504627e-02,2.671910325401891453e-02,2.170472336470948872e-03,1.255527701928071081e-02,1.575728772127922561e-01,1.374069111808155254e-02,2.698623883150722685e-02,2.301732715311595803e-02
1.359847032402726084e-03,8.947548705361381763e-04,6.277051798246746639e-02,2.985354946192756570e-02,7.129185983704847736e-04,1.643458159620968251e-02,6.733769287442391283e-02,1.166521720709173815e-02,2.847341094752935814e-02,2.040005730545867146e-02
1.923392032068645379e-03,4.481911822207249648e-04,8.845450743802005245e-02,2.776821877358957857e-02,2.044273383109332983e-03,1.401533050886195550e-02,5.496058810092638303e-02,8.376800651255398786e-03,2.265095608422100851e-02,7.897686168778049465e-02
1.919341870133903054e-03,9.079871242765268601e-06,8.355821919592608393e-02,1.557640023141804511e-02,1.864485085097367014e-03,6.808352812601872230e-03,1.202410163470508525e-01,1.003141264089543218e-02,3.875815811655734279e-03,1.015835376956231856e-01
1.832078550511012432e-03,4.143878310801344007e-04,4.789341583036445943e-02,3.822987679383897360e-04,1.401569553309860248e-03,1.127117215504325719e-03,1.769714826780794670e-01,1.316943875107784087e-02,1.248537210006427089e-02,8.926728358642416206e-02
1.872412664487216934e-03,8.143392352729566857e-04,3.498901770262940678e-03,6.788370837145476372e-03,1.350594319187964137e-03,2.784165108346170914e-04,1.592911889190614938e-01,1.265701393504422775e-02,6.532475249140291124e-03,7.318600360671857763e-02
1.933786255858380111e-03,1.183415881105204584e-03,2.713127228799470242e-02,5.747720262235212277e-03,1.401947394704105513e-03,5.949854202945696786e-04,8.300527427844611728e-02,1.105961039349093525e-02,9.117847903328452075e-03,5.232210371172567320e-02
1.933530496650055644e-03,1.514954366119947507e-03,4.575138926741456613e-02,5.952675595703454600e-03,1.299064961378246274e-03,1.914261414706424583e-03,5.212699563589794083e-03,1.338224813955012950e-02,4.675676889392646474e-03,4.370714175538667305e-04
1.937102735902487610e-03,1.803136103105909983e-03,6.676682243867475275e-02,1.232583774945553504e-02,1.199726902614452716e-03,4.334379533436924156e-03,4.155342083954871590e-02,1.804303214989362927e-02,6.316449017141245736e-02,6.830487059798331928e-02
1.974555802615227985e-03,2.043117059393147628e-03,8.607965574782562579e-02,1.978876869530132518e-02,1.123014981467805986e-03,9.540404712514195806e-03,7.267966877547232807e-02,1.829624500211085580e-02,1.326748818800271290e-01,1.048903131749798906e-01
1.967934445387153550e-03,2.231140225777415373e-03,8.512438580678943767e-02,2.116562528041975033e-02,9.412798439548936526e-04,1.766044106219330501e-02,1.265880470714942641e-01,9.375117526009777921e-03,1.672589948117793879e-01,1.059586814548674621e-01
1.918071413781446098e-03,2.364621426485232891e-03,6.168038531837359562e-02,1.404926465907654388e-02,8.668185012742789155e-04,2.543717209796790210e-02,2.195484546068124099e-01,7.652631291826288845e-03,1.572938774560965203e-01,1.220544383770869601e-01
1.965864445118611133e-03,2.442203742600303727e-03,3.152904280054768388e-02,1.079388559423099993e-03,1.100399035878092766e-03,2.850657166565515391e-02,3.216909727347328496e-01,2.599474954728390672e-02,1.304614306530785806e-01,1.732245548026671300e-01
2.090201197141922877e-03,2.463782630456933052e-03,9.443610431064243180e-03,9.890333448360367347e-03,1.044709249723601175e-03,2.665139132745980577e-02,3.827173533478347434e-01,3.691746746494472403e-02,1.164104227355022975e-01,2.200258828269384959e-01
1.962294426546269503e-03,2.430502644196282005e-03,1.168260631781918232e-02,7.775122371919592976e-03,2.505005272396645423e-06,2.448069488849092049e-02,3.849966258397468089e-01,3.690492811715069543e-02,1.223770527991108470e-01,2.291858400001400564e-01
1.389526905715318152e-03,2.344724260785318107e-03,5.297165306395927586e-02,1.069578280524115070e-02,1.295031714733728455e-03,2.574360087941339470e-02,3.583442969440195358e-01,3.120952479838930843e-02,1.320645900381419158e-01,2.099829502855532215e-01
6.916632520901582317e-04,2.209961029410410175e-03,1.123099601768365735e-01,3.187004810464189736e-02,1.334602017583371445e-03,2.915505516942769673e-02,3.327182954026087769e-01,2.750980962808882019e-02,1.184402862767036518e-01,1.759301786574628546e-01
3.810605188313257352e-04,2.030789956168697029e-03,1.346637308097785590e-01,3.716057606755486520e-02,1.088828938917147635e-04,3.113710487305680619e-02,2.991309295164122917e-01,2.672685705716438057e-02,7.366918387822275760e-02,1.239785138148325194e-01
6.649123155591134867e-04,1.812737886145387566e-03,1.011622607905637850e-01,2.638677914698865645e-02,8.714092458884595141e-04,3.068927951203006058e-02,2.401435886267280773e-01,2.358962959059297468e-02,3.375611725851540568e-02,6.908923634476472897e-02
1.321945935389296119e-03,1.562145152957258648e-03,6.274757084756441006e-02,1.833024316689340141e-02,8.555625327242013731e-04,2.913673504642515580e-02,1.731077042368020513e-01,1.545559653360527308e-02,4.684309798399458047e-02,5.494140492170658530e-02
1.889510921444011648e-03,1.286009325406978340e-03,6.684381578719807149e-02,2.390286889531591241e-02,5.302469206337915913e-04,2.640567371773104577e-02,1.284489749083413124e-01,5.767710720767428925e-03,1.072385799140266188e-01,1.003312799798554561e-01
2.040519344044415539e-03,9.918157239528139872e-04,8.682209053287723299e-02,3.101606308318486521e-02,5.277136688027932784e-04,2.117839143102083141e-02,1.061555370163277112e-01,1.536364175880491293e-03,1.527869229475337931e-01,1.625327300425852550e-01
1.855499822953810603e-03,6.873598316959469382e-04,7.008627312982394775e-02,2.423311822295946480e-02,6.719513977224556142e-04,1.411736934113277074e-02,8.815082055221150348e-02,6.753682171776495373e-03,1.379905765095409409e-01,1.847362009949961859e-01
1.697721252043400599e-03,3.805601125094816594e-04,2.716285691239089806e-02,8.517477177277476413e-03,6.791915222425929169e-04,6.814156155778901963e-03,7.156581413244887668e-02,1.288766692971173022e-02,7.977141322446995586e-02,1.587776037193298628e-01
1.837612617095367830e-03,7.926360345589578463e-05,1.789220265591334041e-02,1.513621036670734308e-03,6.215121065035571213e-04,1.443448231634000128e-03,5.929292675874538177e-02,2.158677318269027617e-02,2.525348965450370520e-02,1.128795860260398132e-01
2.069259506969985032e-03,2.089388462176144923e-04,6.367518189711361687e-02,8.982309050720489393e-03,6.301378932290446723e-04,1.082304022167324999e-02,4.479944648807396290e-02,3.024584635728171447e-02,2.083717112237905289e-03,6.653656652727638066e-02
1.814434309612454133e-03,4.768784347448345572e-04,1.279311460912025133e-01,2.045090724786028866e-02,6.715879061345806375e-04,1.664318683930203144e-02,2.992017907912724456e-02,3.325344519490623652e-02,5.763976973608749693e-03,3.277707411865392328e-02
1.026231249740089130e-03,7.179773295490235550e-04,1.739108109798524482e-01,2.548251195980688957e-02,6.825518663266786799e-04,1.463967454650057752e-02,2.257304606320998178e-02,2.831693160131194820e-02,1.424575371550115821e-02,2.882722598961230676e-02
5.765154933887894515e-04,9.264276649461901901e-04,1.901881839885658787e-01,2.249426310617841027e-02,6.764624370245027026e-04,9.173242273917588119e-03,1.603776113125310668e-03,2.048036468771604821e-02,6.467725280832944262e-03,4.076040638228312085e-02
1.041348829464707956e-03,1.097321418580491509e-03,1.705152506582495731e-01,1.335784432455538323e-02,6.817449842817332366e-04,8.808548331136919346e-03,6.786946556320826163e-02,1.675170871400371436e-02,2.426466634202347275e-02,1.613075003460875262e-02
1.793768861814510219e-03,1.226703251025655552e-03,1.162393672988592391e-01,3.246046390702028283e-04,6.911959163710764851e-04,1.471132995177059158e-02,1.642526096274442848e-01,1.782502482489304110e-02,7.012747211459968710e-02,6.282012115057152013e-02
2.050987238124708529e-03,1.311661948280177679e-03,5.014922277832644520e-02,1.462255145988159387e-02,6.903060394752919731e-04,2.062115976627925881e-02,2.059368981904933504e-01,1.808702079459357723e-02,1.209767976487227392e-01,1.389256378274935366e-01
1.905458572258741977e-03,1.350514645750379526e-03,3.331202588403087660e-03,2.317397331901652549e-02,6.813360275433716058e-04,2.316268210007258257e-02,1.517630600915143291e-01,1.338980741980344037e-02,1.694577527593024435e-01,1.554474077084041228e-01
1.754332825610940665e-03,1.342831628192252182e-03,4.200784030890013926e-02,2.205401704039278155e-02,6.703697304781907175e-04,2.487768677793168043e-02,6.675269626721050398e-02,6.422316451194968502e-03,2.008217955310636349e-01,1.269504545511539184e-01
1.731643379843160555e-03,1.289174700425578133e-03,7.585940467283698585e-02,1.380192266423362762e-02,6.558987294629687898e-04,2.758706065920727563e-02,4.744190877407230417e-02,3.319062676888276126e-03,1.911635954222333789e-01,9.338821273234229614e-02
1.954674874947447388e-03,1.191081749168145789e-03,1.065832572337858941e-01,6.064667704595927758e-03,6.347553765313181454e-04,2.986131521364073990e-02,1.086995256475886545e-01,6.495117534999385843e-03,1.312870655566110156e-01,5.649239169631372487e-02
2.241829201787470718e-03,1.051582043311608981e-03,1.265245898050484374e-01,5.422038928286290402e-03,6.075350873419978681e-04,3.166446923313613604e-02,1.871326444350061013e-01,1.352290204494594611e-02,4.859319956080068031e-02,1.155649465898475788e-02
1.601204874300077383e-03,8.751137336220193158e-04,1.315682332475128780e-01,1.175318763242118661e-02,5.758834170488458856e-04,3.491766455471805725e-02,2.330379127790971339e-01,2.192029590588211174e-02,9.295319375215157359e-03,1.049023207280220214e-02
8.664317807892866043e-04,6.662099820259321072e-04,1.277754559335400608e-01,1.922217370722012486e-02,5.399171234905945959e-04,3.789946793711530815e-02,2.455201547532781803e-01,3.020804466931841306e-02,1.476451052667920698e-02,1.289061864553670694e-02
4.657799514130775941e-03,4.293528444055659012e-04,1.215394865179131589e-01,2.274158031461621238e-02,4.994504019764203816e-04,3.507022162724612868e-02,2.266365908813075813e-01,3.430920977280833145e-02,2.111834183187467212e-02,5.240112972101078348e-02
8.259639689202191021e-03,1.714179075526715932e-04,1.109073887598206881e-01,2.174680792972806531e-02,4.552001480508268121e-04,2.485015110677812541e-02,1.626928154888018785e-01,2.937834597267895836e-02,6.449850705288447117e-02,6.992068808756347897e-02
1.032805608550898743e-02,9.836786434784029233e-05,9.582635640627552853e-02,1.818920384155914283e-02,4.082055581309988008e-04,1.315838331085914144e-02,6.862093534866643696e-02,1.751355737141481114e-02,8.731029157139943986e-02,6.623038227534799871e-02
1.005756725983291550e-02,3.741162032994730887e-04,8.296305904756445804e-02,1.453206022859376834e-02,3.592313745900882265e-04,7.170104514611710944e-03,3.533072478663303387e-03,8.244813789271837265e-03,8.421122725518316587e-02,5.669136989849463820e-02
7.665314551363718032e-03,6.538427687698567664e-04,6.891889657950356352e-02,1.359747959860969392e-02,3.090021639329328823e-04,8.382925966973715781e-03,1.210541146878232541e-02,8.276972620930113378e-03,6.343228708958253970e-02,4.066973714544083740e-02
4.996227984071426563e-03,9.278630664343664883e-04,3.945800921701538011e-02,1.550034620241495104e-02,2.584530717776405400e-04,1.266716347069813710e-02,7.555052375013909804e-02,1.422071834843498077e-02,2.609997843208190088e-02,2.098530409556893794e-02
4.043031634530950234e-03,1.177828895831406573e-03,3.753638427305762068e-03,1.487931039178292530e-02,2.085938376560508866e-04,1.473380633370968869e-02,1.389235228390927890e-01,1.771052162689725970e-02,3.069602672288434739e-02,1.684570846988445864e-02
4.545852041185011530e-03,1.402031743509750275e-03,3.939758619322487887e-02,6.239243848839072168e-03,1.603574773880866587e-04,1.216725179454492510e-02,1.645772151771238145e-01,1.511111100174787440e-02,9.314145417980944364e-02,3.577414336725862065e-02
4.740146910578443146e-03,1.618654568282847182e-03,5.681750972540321187e-02,8.771095684779564236e-03,1.146218524295093162e-04,6.679534499306962955e-03,1.453989742032720522e-01,9.473263529867530924e-03,1.347998041287030990e-01,5.933787737997439637e-02
4.054017938794706941e-03,1.812325165023667304e-03,6.525445203530320926e-02,2.300117295385297606e-02,7.224579040141079550e-05,1.600265193066564926e-03,9.142286212873726448e-02,4.392249627654424074e-03,1.424677712686882869e-01,6.693162008154668330e-02
2.990688442371344010e-03,1.926241227536753088e-03,6.808573433506470707e-02,3.016240136598355784e-02,3.404350611669847691e-05,1.168501483390083345e-03,2.671259261595768791e-02,6.686132299261278097e-04,1.233981683800062512e-01,5.354004130340076634e-02
1.432892050539943821e-03,1.976535322258885560e-03,5.407448906980304865e-02,2.805184818448564280e-02,7.449751114261394082e-07,7.357853709904172909e-04,1.839877272967644500e-02,7.238662930622548949e-04,9.281237398541529460e-02,2.385384326287057905e-02
6.408327152997696447e-04,2.072573072936918087e-03,2.254017964373702249e-02,1.987798677073086481e-02,2.704934933739104385e-05,2.603622689783703561e-03,3.962539832170167836e-02,8.469990219821513146e-04,6.380641896374751598e-02,1.371004359729206985e-02
2.112982349018778950e-03,2.173546809749410912e-03,5.741058334737021360e-03,1.269162970718016800e-02,4.888576232063859774e-05,4.080678669947183576e-03,7.080196742774257090e-02,1.046902092129639800e-03,3.895139488099829544e-02,4.770433627754801925e-02
2.235451712145145649e-03,2.036087747528022782e-03,1.536371655864382513e-02,1.032140170901669519e-02,6.438714196161266379e-05,2.590834789841674028e-03,1.310650635132407094e-01,5.285189411704718093e-03,9.373031678273689368e-03,6.592245363278227688e-02
1.778418484757446783e-03,1.728969925846615642e-03,1.542922316094018191e-02,9.730928677852678302e-03,7.322672150383118786e-05,1.511843706408024998e-02,1.736762919431355245e-01,1.477780983847110270e-02,2.407821650414794512e-02,5.687019843710240663e-02
1.661406105605055770e-03,1.817062932160289426e-03,1.688692375718075372e-02,7.574753836888463085e-03,7.531124897824500119e-05,2.315799133439607957e-02,1.405529562488677942e-01,1.941629748370185538e-02,3.603765483669297415e-02,1.822988065970623794e-02
1.799116409564885822e-03,2.426195689372261446e-03,1.027152104957784404e-02,5.244375198402045565e-03,7.086845645119839855e-05,2.253457459900614496e-02,6.144606503573220302e-02,1.849771126824233461e-02,5.559624293260678751e-03,3.116292879988814823e-02
1.789494089318714298e-03,2.690309653720425118e-03,1.304907000951860060e-02,4.173509296498893739e-03,6.006016303416133697e-05,1.974982053271138321e-02,2.224422979328690569e-02,1.691657494429804967e-02,4.770193826235240298e-02,6.874306074245677134e-02
1.652479663718706832e-03,1.975747570467221124e-03,3.576545855949465891e-02,3.165721098593820421e-03,4.277587144389813161e-05,1.933008789985830866e-02,3.190897288130378762e-02,1.521374115288883638e-02,8.181280022447100231e-02,1.006476750963807565e-01
1.575599892862313825e-03,9.262042792367112523e-04,3.444212215043615521e-02,3.072704269229080323e-03,1.944119008129466350e-05,1.724371227322232802e-02,1.785667098803784755e-02,1.213258619010810363e-02,8.104669359973408482e-02,1.429590612055548771e-01
1.564652902094754508e-03,4.175308211963687675e-04,9.354129690034644964e-03,6.198653864162260996e-03,8.541181580187351990e-06,1.022112291582074999e-02,3.976068751806770968e-02,1.211282361002804370e-02,6.218636269492060220e-02,1.749609510910756227e-01
1.532573989181005300e-03,3.332066482403044333e-04,2.610856028867637735e-02,9.326557255477594885e-03,4.053894959587399014e-05,1.420364051594499855e-03,8.135846675908302295e-02,1.865224752911229592e-02,3.997194426197812900e-02,1.636046422000390910e-01
1.451258963784278055e-03,1.169593453733431003e-04,6.946745542600191170e-02,5.597730389428240069e-03,7.771798815138957265e-05,6.231820248036521771e-03,8.235647992106363835e-02,2.471820390221526539e-02,1.201969736611703532e-02,1.279001458766324262e-01
1.361641925632412105e-03,2.923086730875648176e-04,1.184412506226780598e-01,5.173070739383927447e-03,1.193824259203730704e-04,1.291312197061142766e-02,7.621853005983603158e-02,2.132111243435480877e-02,2.376309436761933971e-02,1.116235666661272580e-01
1.331657973086483766e-03,6.446596645955096020e-04,1.492776634134426739e-01,1.573990100102772710e-02,1.607344197954333831e-04,1.593205503272015003e-02,5.721463495565430601e-02,1.270420823751226141e-02,5.799665395405810553e-02,9.987178697543244721e-02
1.345550107945436488e-03,8.939839243261219317e-04,1.361823341741517368e-01,2.222505226140495185e-02,2.006865757689762478e-04,1.047257621558435672e-02,2.062898518832043462e-02,1.199337881086842521e-02,8.033951501214314783e-02,4.174083451793042521e-02
1.257486044452905917e-03,1.145740098258921308e-03,8.858899574222398043e-02,2.731760152579241693e-02,2.469072466930201100e-04,6.336138173642304368e-04,1.315790415810676461e-01,2.218007425905062224e-02,9.049619131581851383e-02,4.701430747477754885e-02
1.066171427876262939e-03,1.413642509337977721e-03,4.114604653423496045e-02,2.998735936326806309e-02,2.993255661918982954e-04,6.176197048101328066e-03,1.694362422597536499e-01,3.100743915869423953e-02,9.440761433166161565e-02,8.446824852114553916e-02
1.086754712140362844e-03,1.640016244871273215e-03,1.059227664737329155e-02,2.184376589268793856e-02,3.389834659104481378e-04,1.548415799259379093e-04,8.415811953724153249e-02,2.725642677023161140e-02,9.301954284498273329e-02,3.605438008989435977e-02
1.357718036359077587e-03,1.810180849721121799e-03,1.014645525931228733e-02,5.417504613000143771e-04,3.630275362959565696e-04,8.923930607652974870e-03,3.794350238596583269e-02,1.548170358974528850e-02,7.945127678154660644e-02,3.437841789818824739e-02
1.173807379596315771e-03,1.944555458992921950e-03,2.157361935936961961e-02,2.116581797031527254e-02,4.094826005397578629e-04,7.490639901748527736e-03,6.944779722963247137e-02,9.648187685907132216e-03,5.110314592794788779e-02,4.624478940001414129e-02
1.334683925755766236e-04,2.045154069663934759e-03,1.010513910804063109e-02,2.792675423126515094e-02,4.832164867397617937e-04,5.893412082883200953e-03,7.666431021243880380e-03,1.472185132499097618e-02,2.237559987433187375e-02,2.908790846344686681e-03
8.393816618843346049e-04,2.098742501655546325e-03,2.849938837112106840e-02,1.846203060798116968e-02,5.011436428681391572e-04,1.806275894144393143e-02,8.345733110185628301e-02,2.095921993757917171e-02,1.513869091540771469e-02,4.660029804143474286e-02
8.701751704761318505e-04,2.102012571943833331e-03,7.472720238406947713e-02,4.337892933200001959e-03,4.489510403495655449e-04,1.720928688598390849e-02,5.683580401619209993e-02,1.821104316401270934e-02,3.233863376914035415e-02,3.422987648630698709e-02
6.505408602106540258e-04,2.060458115211168117e-03,9.918056730630260553e-02,3.721220265929077713e-03,5.022594526348355543e-04,6.279477605091912662e-03,4.230033853984056097e-02,9.240727150775417120e-03,5.351551586968515684e-02,1.716210727357737886e-02
9.390776948603005592e-04,1.976583225795028147e-03,9.188386047902907805e-02,4.560550135359245534e-03,6.949607017640342535e-04,2.820948899634771398e-03,9.720301015163529401e-02,3.301783424975593753e-03,6.567297250851535095e-02,5.390430997485861492e-02
9.632549158381845632e-04,1.850257194401840879e-03,7.393782357168292296e-02,4.059470786331348911e-03,6.512713833282654302e-04,4.614441975996341413e-03,5.361920472034697321e-02,1.808237165339481988e-03,8.159564595875401505e-02,5.464768433071248016e-02
4.218834140589812335e-05,1.684176861181874412e-03,6.727497357245569576e-02,6.391532412144568590e-03,2.893875094525476927e-04,5.230188805098649404e-03,1.700527362554715705e-02,1.940465685414581587e-03,1.092384379811212336e-01,5.787219084126840607e-02
9.228438472750510229e-04,1.483669246471763315e-03,6.043541409573704309e-02,9.037008785797358626e-03,4.270747063801696866e-04,1.246329966090920990e-02,1.577565267712277564e-02,1.124444789157335450e-02,1.227275432639297476e-01,1.046476613122943045e-01
1.020237409152621949e-03,1.254001505656874909e-03,2.936422704997828162e-02,7.164117277959075256e-03,1.262793254929473049e-03,2.312294019407209675e-02,5.603315746030435029e-02,2.095151161905080620e-02,9.468990337684346503e-02,1.562337173020666714e-01
7.060911808668031420e-04,1.000281817013353456e-03,1.717069530681987824e-02,6.239643945333052952e-04,6.747705840259888036e-04,2.388554006218964604e-02,1.066921538336629838e-01,2.391768671965795873e-02,4.266148002299053471e-02,1.179690184830850114e-01
6.644029367850872456e-04,7.285342641209903523e-04,4.602995098610734165e-02,5.866650685161834550e-03,3.290630663085407880e-03,7.900057934184679526e-03,8.449234118364863655e-02,1.932301798910059445e-02,7.875061393581713268e-03,2.765448997736474901e-02
7.400647530822495766e-04,4.455544995275944426e-04,4.552474065605389975e-02,7.805080325216892309e-03,8.171433592110425442e-03,1.358798510873430836e-02,4.703025072191710509e-02,1.392891184575878287e-02,1.433647565936181298e-03,1.714724306735197212e-01
6.577202909472212693e-04,1.581853722567694949e-04,2.956213992527512158e-02,4.075614793783252643e-03,8.935026406399492610e-03,2.389047310156656653e-02,6.956197107937929502e-02,1.403117153319576559e-02,1.071467252785917972e-02,2.062059929330888330e-01
6.706282877478494638e-04,1.268537652382409515e-04,6.311401898429816124e-03,3.394068519002100062e-03,4.745892219692543490e-03,2.160633628551569471e-02,1.270125485757821748e-01,1.648956572393025719e-02,3.157351808427749651e-02,1.465605053506787159e-01
8.563541919522963232e-04,4.028640046213085007e-04,2.098814687953285893e-02,1.086049464551252890e-02,1.410289506802550781e-04,1.843749016285274600e-02,1.299784828534683023e-01,1.360094717542647755e-02,4.784659607052747787e-02,7.587796850547762206e-02
6.485300825493826122e-04,6.633187683877426284e-04,3.086681392363228513e-02,1.440227495281888939e-02,1.265157859205874244e-03,1.955008700640515143e-02,5.813163828882117468e-02,7.548795016298990440e-03,4.844990425851139482e-02,3.304849032831856659e-02
1.441028713725012373e-04,9.021404716395448617e-04,1.373914629126442083e-03,1.248106961992267484e-02,5.267581349171967728e-04,1.862613655602992843e-02,1.731080938486046286e-02,8.908227261468209396e-03,4.535010779429034244e-02,4.262866168803348607e-03
6.516425108590187358e-04,1.113847448495088347e-03,5.096602344279693719e-02,6.794727307550203592e-03,1.176478441522125617e-04,1.163752941260179190e-02,4.079585294504627091e-02,1.752077786485143132e-02,5.171480349134340015e-02,1.971033187144643345e-02
2.050036724808127235e-04,1.293623924362047447e-03,8.486022462074681305e-02,2.448383505670177328e-04,4.183249963677207798e-04,3.372572066619342751e-03,2.991616415586736619e-02,1.916708673324785464e-02,6.110352432228076391e-02,3.355022705071386557e-02
5.581534818957971725e-04,1.437428220815123708e-03,8.467044537090576140e-02,4.053133772684620710e-03,5.694560144796096540e-04,1.362758075228961887e-03,2.393752511535723534e-02,7.162641310718725028e-03,5.671066623211606234e-02,4.122541831348363467e-02
7.553795428887607804e-04,1.542111788472174576e-03,6.800515588391120581e-02,2.674667358334951919e-03,4.010759308514450557e-04,3.289442240022495863e-03,3.653478427864533667e-02,6.949377755651617306e-03,3.160724394528239417e-02,4.612140045831840396e-02
